61.74,61.41,61.18,61.22,61.27,61.19,61.00,60.51,61.24,61.25,61.41,62.08,61.66,61.40,61.50,61.43
2021-8-20 0:0:0,61.54,61.37,61.08,60.78,60.30,60.28,60.58,60.42,60.56,61.01,60.31,60.49,60.84,60.73,60.90,60.74,59.98,59.85,59.89,59.35,59.71,59.47
2021-8-20 0:0:1,59.44,59.69,59.13,59.41,59.30,58.89,59.43,59.21,59.36,60.17,59.80,59.75,59.80,59.39,60.07,60.34,60.15,60.83,60.38,60.00,60.96,60.53
2021-8-20 0:0:2,60.98,61.80,61.04,60.77,60.96,60.60,61.12,61.00,60.49,60.38,60.17,60.59,61.00,61.05,60.99,61.08,60.87,61.51,62.06,62.21,62.30
2021-8-20 0:0:3,62.58,62.72,63.13,63.45,63.43,63.44,63.41,64.03,64.64,65.41,66.04,66.01,66.10,66.55,67.30,68.34,69.33,69.39,69.53,69.60,69.16,69.30
2021-8-20 0:0:4,69.76,69.49,69.27,69.25,68.13,67.15,66.26,65.18,64.50,64.29,64.72,64.91,65.02,65.26,65.50,65.47,66.16,66.74,66.58,66.66,66.19,65.96
2021-8-20 0:0:5,65.50,65.23,65.29,65.26,64.70,64.94,64.91,65.26,65.35,65.11,64.99,64.30,64.07,63.72,63.33,63.57,64.41,64.51,64.61,64.23,64.03,63.97
2021-8-20 0:0:7,63.78,63.33,62.77,62.14,61.86,61.91,61.84,62.39,62.61,62.49,62.83,62.14,62.00,62.34,61.92,62.55,62.59,62.17
2021-8-20 0:0:8,62.15,61.62,61.26,61.60,61.50,61.91,62.38,61.97,62.29,61.89,61.73,62.25,62.59,63.40,64.08,64.04,63.69,64.05,63.39,63.71,64.48,63.98
2021-8-20 0:0:9,64.33,63.90,63.69,63.64,63.78,64.02,63.93,64.33,64.12,64.22,64.17,64.48,64.74,65.29,65.84,66.16,67.07,67.41,67.47,67.48,67.18,67.47
2021-8-20 0:0:10,67.87,67.91,68.30,68.28,68.99,69.51,69.56,69.54,69.15,69.35,69.27,68.95,68.82,68.21,68.11,68.09,67.55,66.83,66.21,65.68,64.95
2021-8-20 0:0:11,64.38,63.74,63.53,63.16,63.44,63.54,62.81,62.81,62.26,61.62,61.68,61.67,61.83,62.40,62.72,62.90,62.40,62.04,62.25,62.06,62.28,62.56
2021-8-20 0:0:12,62.15,62.17,62.32,61.81,61.94,61.97,61.66,62.20,61.94,62.08,62.59,62.66,62.59,62.77,62.76,62.39,62.61,62.44,62.38,62.71,62.84,63.10
2021-8-20 0:0:13,63.69,63.91,64.26,64.56,64.88,65.30,65.32,65.14,64.73,64.24,63.93,63.63,62.73,62.43,62.28,62.42,62.68,61.98,61.60,60.81,60.50,60.74
2021-8-20 0:0:14,60.93,61.05,61.22,60.90,60.21,60.56,60.34,60.77,61.49,60.83,61.16,61.27,60.76,61.12,61.02,61.11,61.36,61.41,61.50,61.37,60.87
2021-8-20 0:0:15,60.71,60.33,60.24,61.02,60.64,61.06,61.44,60.78,61.32,60.92,60.53,60.59,60.27,60.32,60.41,60.29,60.16,60.01,59.52,59.33,59.39,59.21
2021-8-20 0:0:16,59.81,60.44,60.49,60.64,60.53,60.18,60.28,60.44,59.97,60.42,60.03,60.01,60.63,60.00,60.37,60.42,60.36,60.95,60.89,60.36,60.46,60.06
2021-8-20 0:0:17,59.69,60.25,59.98,59.93,60.51,60.16,59.84,59.93,59.74,60.10,60.57,60.38,60.46,60.30,60.09,60.35,60.22,60.18,60.07,59.63,59.47,59.26
2021-8-20 0:0:18,59.00,59.21,59.33,59.51,59.38,59.32,59.43,59.63,59.79,60.15,60.19,60.15,61.12,61.44,61.67,62.15,61.54,61.20,61.43,61.06,61.60,61.66
2021-8-20 0:0:19,60.92,60.77,60.34,60.34,61.40,62.16,62.59,63.25,63.04,62.84,62.28,62.35,62.29,62.36,63.03,63.33,63.10,63.08,63.12,63.02,63.50,63.41
2021-8-20 0:0:20,63.21,62.92,63.14,63.88,64.68,64.90,65.33,65.47,65.39,65.66,65.20,65.06,64.68,64.50,64.55,64.22,64.57,64.77,64.71,65.10,65.06,65.26
2021-8-20 0:0:21,65.24,65.08,64.74,64.08,64.29,64.50,65.01,65.96,66.41,65.92,65.78,65.79,65.56,66.78,67.28,66.98,67.05,66.31,66.14,66.46,66.72,67.57
2021-8-20 0:0:22,67.89,68.32,68.28,67.03,66.72,65.71,64.83,65.09,64.08,63.95,64.18,63.91,63.96,63.95,63.84,63.67,64.21,63.81,63.40,63.79,63.86,64.92
2021-8-20 0:0:23,65.35,65.24,65.73,65.00,65.34,65.72,65.24,66.27,65.64,64.58,64.53,63.43,63.76,64.25,63.51,64.44,64.49,64.88,65.38,64.27,64.19,63.69
2021-8-20 0:0:24,62.83,62.45,62.14,61.44,62.56,62.55,62.35,63.25,62.41,62.96,62.47,61.51,62.06,61.61,62.32,63.23,62.14,62.05,62.10,61.36,62.09
2021-8-20 0:0:25,61.97,61.23,60.94,60.95,61.03,61.47,62.02,62.25,62.73,62.59,62.46,62.36,62.37,62.56,62.54,62.34,61.79,61.30,61.28,61.09,61.05,60.74
2021-8-20 0:0:26,60.67,60.43,60.61,61.00,61.04,60.74,60.78,60.65,60.47,60.86,60.76,61.37,61.43,61.09,60.48,59.84,59.73,60.20,60.51,60.43,60.48,59.85
2021-8-20 0:0:27,59.65,60.18,59.64,60.19,60.10,60.31,61.01,60.70,61.25,60.85,60.47,60.51,60.60,60.48,61.05,60.83,60.49,60.37,60.16,60.08,59.78,59.48
2021-8-20 0:0:28,59.38,60.07,59.95,60.29,60.11,59.69,59.95,59.68,59.37,59.46,59.59,59.38,59.67,59.85,59.48,59.93,59.79,59.76,59.90,60.27,60.68
2021-8-20 0:0:29,60.67,61.31,60.96,60.34,59.98,59.93,59.41,59.77,59.71,59.58,59.70,59.66,59.95,60.21,60.70,60.75,60.63,60.54,60.73,60.56,60.25,59.94
2021-8-20 0:0:30,59.86,59.83,60.56,60.53,60.57,60.74,60.35,60.75,60.63,60.98,61.06,61.02,61.25,61.58,61.95,62.40,63.22,63.32
2021-8-20 0:0:31,64.19,64.75,64.88,64.68,65.18,65.39,66.15,67.51,67.75,68.04,68.08,68.26,68.41,69.07,69.37,70.03,70.67,70.97,71.22,71.30,71.64,71.35
2021-8-20 0:0:32,70.73,69.99,69.11,68.47,68.55,68.76,68.29,67.94,67.57,67.38,67.77,68.22,68.73,68.80,68.40,68.33,68.40,68.11,68.62,68.75,68.50,67.89
2021-8-20 0:0:33,67.25,66.65,66.63,66.45,66.29,66.13,65.64,65.78,65.82,65.50,65.14,65.42,65.21,64.90,64.94,64.30,63.80,64.21,63.78,63.73,63.86,64.06
2021-8-20 0:0:34,64.51,65.14,65.61,65.61,65.62,65.97,65.57,65.51,65.25,64.23,64.08,63.85,63.81,63.34,63.38,63.09,62.42,62.45,61.93,62.05,62.37,62.76
2021-8-20 0:0:36,62.81,62.07,62.11,61.65,62.09,63.11,63.42,64.08,64.57,64.48,64.49,64.83,64.45,64.16,64.08,62.97,62.44,62.45,61.68,62.35,62.36
2021-8-20 0:0:37,62.44,62.97,62.58,62.81,62.66,62.89,62.91,62.78,63.13,62.89,63.16,63.08,62.98,63.18,63.10,63.26,62.49,61.95,61.26,60.43,60.16,59.92
2021-8-20 0:0:38,60.53,61.04,61.72,61.60,61.63,61.82,62.31,63.37,63.70,64.17,64.14,63.96,63.59,63.29,62.66,62.58,62.20,61.89,62.33,62.12,62.58,62.79
2021-8-20 0:0:39,62.58,62.41,62.34,62.61,63.42,63.93,64.02,64.53,64.18,64.42,65.05,64.87,64.91,65.07,64.88,64.88,64.33,64.04,63.93,63.53,64.08,64.24
2021-8-20 0:0:40,64.23,64.70,64.49,64.25,64.35,64.60,65.34,66.09,66.60,66.45,66.69,67.10,67.20,67.88,67.58,67.43,67.30,67.35,67.24,66.16,65.52,64.09
2021-8-20 0:0:41,63.73,64.11,64.15,64.52,64.33,64.39,64.42,64.90,65.10,65.53,66.01,65.77,66.25,66.09,65.32,65.07,64.61,64.21,63.96,64.19,63.91,63.85
2021-8-20 0:0:42,64.20,63.52,63.62,63.22,63.20,63.08,62.49,62.64,62.27,62.63,63.57,63.73,63.69,63.37,62.36,61.99,62.91,63.09,63.30,63.17,62.38,62.74
2021-8-20 0:0:43,62.89,63.20,63.48,63.00,62.93,62.79,62.38,63.09,63.69,64.03,64.52,64.13,64.03,64.55,64.58,64.63,64.36,63.87,64.00,63.93,63.63,63.61
2021-8-20 0:0:44,63.17,63.29,63.68,63.19,63.14,62.68,62.09,62.49,62.37,62.26,62.65,62.48,62.63,63.03,63.04,62.60,62.82,62.78,62.49,63.26,62.77,62.75
2021-8-20 0:0:45,63.05,62.34,62.69,62.62,62.41,62.91,62.11,62.45,62.65,62.54,63.60,63.23,62.81,62.89,62.80,62.97,63.39,63.04,62.37,61.60,61.51,61.65
2021-8-20 0:0:46,62.02,62.53,62.51,62.38,61.97,62.22,62.39,62.57,62.65,62.15,62.13,61.75,62.05,62.49,61.67,61.80,62.06,61.20,61.91,61.71,60.49,60.72
2021-8-20 0:0:47,59.99,59.88,60.65,60.38,60.61,60.69,60.50,61.17,61.90,61.87,62.01,61.38,60.88,61.25,61.42,61.34,61.22,60.59,60.40,60.98,61.10,61.51
2021-8-20 0:0:48,61.98,61.81,61.47,61.38,60.95,60.95,60.77,60.56,60.17,59.90,59.99,60.34,60.16,59.91,60.30,59.96,60.14,60.82,60.15,60.50,60.59,59.78
2021-8-20 0:0:49,60.24,59.78,59.34,59.77,59.36,59.71,59.97,59.74,60.11,59.51,59.42,59.71,59.81,60.28,61.14,60.92,60.60,60.06,59.22,59.48,59.95,60.26
2021-8-20 0:0:50,60.49,60.39,59.96,59.87,59.55,59.54,59.56,59.82,60.34,60.16,60.04,60.20,59.74,60.22,60.58,60.42,60.45,60.31,60.05,59.86,60.07,60.26
2021-8-20 0:0:51,60.66,60.94,61.24,61.28,61.72,61.86,61.87,61.93,61.29,61.49,61.83,61.77,62.30,62.64,63.27,63.58,64.18,64.69,64.70,65.02,65.04,65.24
2021-8-20 0:0:52,65.68,66.31,66.51,66.90,67.13,67.00,67.52,67.63,68.19,68.99,69.11,69.59,69.60,69.72,69.77,69.98,69.60,69.55,70.06,69.56,70.32,70.54
2021-8-20 0:0:53,70.59,71.19,70.80,70.93,71.00,71.19,71.16,71.14,70.83,70.64,70.68,70.25,70.59,70.48,70.32,70.28,69.98,69.93,69.55,69.45,69.27,68.63
2021-8-20 0:0:54,68.37,68.20,67.99,67.76,67.66,67.20,67.29,67.15,67.32,67.47,66.75,66.35,65.62,65.55,65.51,64.90,64.81,63.85,63.22,63.35,63.83,64.14
2021-8-20 0:0:55,65.08,65.25,65.36,65.47,64.61,64.92,64.16,63.73,64.11,64.10,64.35,64.65,64.65,64.40,64.77,65.24,64.53,65.01,64.95
2021-8-20 0:0:56,65.60,66.75,67.06,67.18,66.74,66.35,66.40,66.60,66.73,67.63,67.92,68.51,69.31,69.59,70.18,69.98,69.55,69.65,69.70,70.37,70.72
2021-8-20 0:0:57,71.60,71.93,72.35,73.11,72.63,72.72,73.17,73.48,74.30,74.75,74.19,74.05,73.85,74.10,74.56,74.84,74.85,74.32,74.11,73.16,72.41,71.94
2021-8-20 0:0:58,71.30,71.31,71.18,71.06,71.24,71.65,71.78,71.48,71.60,70.95,71.32,71.35,70.97,71.25,71.16,71.34,71.32,71.04,70.69,71.30,71.17,71.30
2021-8-20 0:0:59,70.72,70.21,70.14,70.11,71.43,71.70,72.11,71.98,71.00,71.04,71.36,71.59,71.57,71.53,70.82,70.62,70.31,69.36,69.14,68.88,68.98,69.11
2021-8-20 0:1:0,69.11,69.13,68.66,68.24,68.47,68.30,68.13,68.27,67.45,66.58,66.51,65.76,65.36,64.94,64.23,63.92,64.11,64.31,64.06,64.03,63.31
2021-8-20 0:1:1,62.90,62.79,62.87,62.54,62.27,62.11,61.52,61.67,61.83,62.13,62.27,62.24,62.25,62.37,62.82,62.62,62.34,62.00,61.42,60.95,61.25,61.28
2021-8-20 0:1:3,61.03,61.64,61.03,60.56,60.56,60.69,61.13,61.34,61.55,61.36,61.31,61.16,60.90,60.13,59.89,60.16,60.33,61.19,60.98,60.57,60.86,60.77
2021-8-20 0:1:4,61.19,61.92,61.53,61.38,61.45,60.62,60.44,60.24,59.61,59.94,59.95,59.85,60.70,60.60,60.95,61.11,60.17,60.18,59.86,59.78,60.14,60.48
2021-8-20 0:1:5,60.95,61.29,60.80,60.49,60.25,59.99,60.66,60.63,60.19,60.32,60.14,60.30,60.74,60.38,60.27,60.07,59.52,60.22,60.46,59.89,60.36,60.02
2021-8-20 0:1:6,59.84,60.74,60.25,59.95,60.09,59.65,59.72,60.07,59.71,59.93,60.29,59.99,60.39,59.96,59.67,59.47,59.00,58.70,59.07,59.01,59.39,60.11
2021-8-20 0:1:7,59.65,59.94,59.89,59.49,60.37,59.93,60.08,60.70,60.07,60.34,60.12,58.94,59.01,59.05,58.83,59.84,59.74,59.68,60.09,59.11,59.13,59.63
2021-8-20 0:1:8,59.37,60.06,59.98,59.28,59.78,59.64,59.49,59.52,58.52,58.72,59.15,59.14,59.97,59.59,59.04,59.45,59.20,59.49,59.72,59.27,58.86,59.08
2021-8-20 0:1:9,59.30,60.38,60.63,60.28,60.47,59.58,59.50,59.74,59.69,60.06,60.50,60.04,59.41,59.22,58.82,59.12,59.43,59.03,59.62,59.76,59.77,60.64
2021-8-20 0:1:10,60.15,60.33,60.52,59.95,60.15,60.18,60.17,60.30,60.01,59.39,59.31,59.36,59.29,59.50,59.51,59.55,59.69,59.39,59.30,59.00,59.11,59.65
2021-8-20 0:1:11,59.19,59.33,59.01,58.31,58.83,59.34,59.53,60.06,59.95,59.71,59.78,60.02,59.88,59.89,59.77,59.80,60.14,59.84,60.11,59.83,59.79
2021-8-20 0:1:12,59.94,59.64,59.54,59.59,59.09,59.66,59.92,59.95,60.53,60.56,60.29,60.20,59.58,59.35,59.71,59.65,59.72,59.82,59.11,59.03,59.41,59.34
2021-8-20 0:1:13,59.61,59.11,58.49,58.46,58.39,58.58,58.92,58.79,58.93,59.41,59.06,59.04,59.18,59.10,59.66,59.81,59.50,59.17,58.83,58.44,59.02,59.08
2021-8-20 0:1:14,59.60,59.88,59.28,59.65,59.21,58.84,59.27,58.91,59.16,59.80,59.54,59.95,60.23,60.21,60.51,60.79,60.36,60.47,60.28,59.64,60.14,59.74
2021-8-20 0:1:15,59.83,60.48,60.52,60.68,60.97,60.64,60.57,60.24,60.00,60.55,59.97,60.16,60.54,60.04,60.48,60.92,60.53,60.68,61.05,61.30,62.19,62.59
2021-8-20 0:1:16,62.50,62.67,63.01,63.05,63.22,63.22,62.97,63.15,63.48,63.87,63.91,64.11,64.19,64.07,64.03,64.06,64.06,64.85,65.96,67.31,68.54,69.34
2021-8-20 0:1:17,69.41,69.66,70.13,70.26,70.50,70.04,69.41,68.41,67.72,67.05,66.14,64.95,63.74,62.74,62.53,63.11,62.86,63.27,63.22,62.44,62.91,62.39
2021-8-20 0:1:18,62.89,63.42,63.33,63.19,61.95,61.89,62.71,62.98,63.47,63.28,62.19,62.92,63.02,63.01,63.13,62.20,62.71,61.96,62.11,62.07,62.34
2021-8-20 0:1:19,63.07,63.18,63.31,62.39,62.06,61.50,61.98,61.08,61.18,61.77,61.25,61.71,62.08,61.63,61.20,61.51,61.30,61.69,61.77,61.57
2021-8-20 0:1:20,61.10,60.51,61.12,61.68,61.91,62.04,62.07,62.30,63.17,63.76,63.39,62.98,61.99,61.43,61.43,61.45,62.28,62.82,63.00,62.83,62.13,61.44
2021-8-20 0:1:21,61.93,61.98,61.91,62.42,61.96,61.91,62.23,61.72,61.98,62.46,62.41,63.29,62.83,62.19,61.78,61.66,61.38,61.53,62.07,62.25,63.37
2021-8-20 0:1:22,63.51,62.96,63.17,63.16,63.96,65.16,64.88,65.28,65.59,65.36,65.87,65.32,64.25,64.56,63.82,63.21,63.31,62.87,63.28,64.14,64.39,64.30
2021-8-20 0:1:23,63.81,62.63,62.19,61.83,61.58,62.53,63.49,63.49,63.61,62.81,61.78,62.64,62.30,62.35,62.57,61.88,62.06,62.14,61.68,62.81,62.96,63.00
2021-8-20 0:1:24,63.31,62.06,62.06,61.64,61.93,61.70,62.02,62.53,62.16,62.35,61.62,61.60,61.26,60.95,61.58,61.86,62.78,63.31,63.38,63.72,63.42,63.08
2021-8-20 0:1:25,62.87,62.08,62.38,62.21,62.10,62.48,62.36,62.81,63.97,64.51,64.52,64.85,64.14,64.10,64.36,64.13,64.08,63.65,63.16,63.03,62.79,62.46
2021-8-20 0:1:26,62.93,62.83,62.63,62.83,62.61,63.63,63.72,63.15,62.74,61.66,61.90,61.94,62.26,62.71,62.42,62.44,62.18,61.78,61.53,61.32,61.44,60.93
2021-8-20 0:1:27,61.18,61.70,61.40,61.79,61.53,61.34,61.48,61.58,61.69,62.23,61.76,62.22,62.14,61.66,62.18,61.55,62.25,62.41,62.04,62.41,61.87,61.58
2021-8-20 0:1:28,61.63,61.13,61.33,61.47,61.89,62.13,62.20,62.43,63.12,63.36,63.46,63.37,62.82,62.51,62.66,62.82,62.80,63.29,63.60,64.53,64.75
2021-8-20 0:1:29,64.82,64.41,63.71,63.71,63.26,63.12,62.84,62.56,62.55,62.20,61.91,61.91,61.86,62.10,62.05,61.70,62.26,62.36,62.66,63.06,62.83,63.41
2021-8-20 0:1:31,63.72,64.25,64.68,64.45,64.55,64.17,63.76,63.55,63.74,64.28,64.83,65.66,65.87,66.01,65.68,64.75,64.31,62.83,62.53,62.56,62.02,63.55
2021-8-20 0:1:32,64.20,64.42,64.96,63.53,63.13,63.09,62.65,62.89,63.02,62.34,62.47,62.66,62.88,63.58,63.47,63.40,62.49,62.27,62.29,61.92,61.96,61.50
2021-8-20 0:1:33,61.65,61.71,62.10,62.52,62.41,63.19,63.77,64.01,64.56,64.12,63.69,63.35,63.12,63.44,63.74,64.20,64.16,64.55,64.67,64.62,64.42
2021-8-20 0:1:34,63.87,63.49,63.78,63.57,63.56,63.20,62.91,63.19,62.97,63.06,62.46,62.44,62.70,62.18,62.32,62.92,62.59,62.88,62.81,61.76,62.59,62.85
2021-8-20 0:1:35,62.63,63.62,63.03,63.31,63.56,62.87,63.06,63.07,63.83,64.67,65.52,65.44,65.36,64.41,63.11,62.50,62.01,62.34,62.89,63.15,62.78,62.87
2021-8-20 0:1:36,62.41,62.50,62.79,62.19,62.46,62.60,62.46,62.83,62.83,62.59,62.34,61.75,61.62,61.24,61.54,62.09,61.44,61.46,60.92,61.46,61.85,61.97
2021-8-20 0:1:37,62.93,62.65,62.73,62.48,62.59,62.37,62.72,63.55,62.93,62.65,62.70,62.68,63.33,64.13,64.45,64.90,65.11,64.72,64.69,64.44,64.00,64.15
2021-8-20 0:1:38,63.81,63.38,63.12,62.82,63.06,63.09,63.05,63.16,63.12,63.43,64.05,64.27,63.84,63.35,63.26,63.34,63.56,63.56,63.69,62.92,62.43,62.98
2021-8-20 0:1:39,62.36,62.45,63.00,62.34,62.34,62.91,62.45,62.60,62.29,61.93,62.41,62.20,62.54,62.42,62.03,62.64,62.46,62.87,62.92,62.22,62.45,61.97
2021-8-20 0:1:40,61.63,61.52,61.56,61.13,61.83,62.36,62.23,62.89,62.76,62.90,63.42,63.69,63.63,63.50,63.11,63.16,63.16,62.89,63.03,63.24,63.17,63.70
2021-8-20 0:1:41,63.46,63.28,63.73,64.07,64.38,64.32,64.11,63.19,63.08,63.27,63.19,63.24,62.90,63.14,62.84,62.89,62.81,61.78,61.60,61.61,62.10,62.39
2021-8-20 0:1:42,62.54,62.82,62.48,62.22,62.39,62.41,62.60,63.03,62.62,62.68,62.22,61.88,62.20,61.83,62.37,62.91,63.06,63.72,64.00,64.35,64.72,64.82
2021-8-20 0:1:43,64.97,65.32,65.74,66.10,66.44,66.21,66.70,66.73,66.76,67.01,66.55,66.29,65.95,65.70,65.62,65.84,65.65,65.12,64.75,64.06,63.64
2021-8-20 0:1:44,63.73,63.39,63.40,63.48,63.73,64.13,64.76,65.04,64.48,64.17,63.33,63.47,63.75,63.82,63.92,63.62,63.49,63.66,63.73,64.47,66.12,67.07
2021-8-20 0:1:45,68.62,69.40,68.79,68.78,68.53,67.95,68.23,68.19,68.23,68.64,69.14,69.17,69.15,69.10,68.30,68.02,67.82,67.31,67.26,67.31,66.84,66.35
2021-8-20 0:1:46,65.75,65.65,65.57,65.59,65.93,65.88,65.69,65.58,65.15,64.59,64.37,64.52,64.24,64.15,64.36,64.65,65.00,64.58,63.98,63.89,64.78,65.89
2021-8-20 0:1:47,66.20,65.81,65.23,64.97,65.11,64.89,64.02,63.15,63.02,62.65,62.46,62.72,62.54,63.17,64.24,64.99,65.25,65.82,65.59,65.35,65.67,65.38
2021-8-20 0:1:48,65.81,65.68,65.39,65.11,64.58,64.93,64.91,65.01,65.69,65.91,66.14,65.94,65.03,64.05,63.95,64.53,64.55,64.72,64.25,63.40,64.45,66.05
2021-8-20 0:1:49,67.40,68.90,69.17,68.39,68.57,67.80,67.30,67.06,66.35,66.39,66.23,66.46,66.24,67.26,68.08,68.83,69.31,68.35,67.49,67.29,66.21,65.81
2021-8-20 0:1:50,65.24,63.93,64.75,64.89,64.63,64.63,65.01,65.21,66.35,67.47,67.69,69.00,69.37,68.88,67.97,66.44,65.29,64.78,65.26,66.14,67.31,69.15
2021-8-20 0:1:51,70.22,71.02,71.15,70.34,69.83,69.25,68.40,67.48,66.29,65.40,65.89,66.63,67.82,68.31,68.63,68.88,69.27,69.56,69.64,70.17,69.89,69.78
2021-8-20 0:1:52,69.74,69.50,69.89,70.15,70.24,69.59,68.94,68.56,68.25,68.04,68.31,68.26,67.70,67.77,67.33,67.59,67.86,68.00,67.84,67.46,67.91,68.27
2021-8-20 0:1:53,68.62,69.01,69.32,69.73,70.54,71.55,72.71,73.81,73.72,73.34,72.98,72.62,73.02,73.26,73.05,73.33,73.56,73.95,74.36,73.84,72.99
2021-8-20 0:1:54,72.47,71.69,70.80,70.68,70.34,70.01,70.14,69.66,69.35,69.01,68.35,68.67,68.70,68.27,68.33,67.91,67.62,67.73,67.97,67.47,67.05,66.57
2021-8-20 0:1:55,65.86,65.43,65.06,64.90,64.75,65.22,66.21,66.36,66.19,65.48,64.02,63.69,63.97,64.10,63.93,63.68,63.21,63.03,63.12,63.66,64.27,63.94
2021-8-20 0:1:57,64.36,63.76,63.23,63.91,63.56,63.35,63.50,63.06,63.04,63.89,63.46,63.38,63.39,62.34,62.42,62.88,62.22,62.98,63.29,62.93,63.01,62.47
2021-8-20 0:1:58,62.36,62.39,62.84,62.99,62.68,62.46,62.24,62.67,62.84,62.78,62.95,62.43,62.39,62.35,61.87,62.16,62.09,61.63,62.08,61.48,61.08,61.58
2021-8-20 0:1:59,61.34,61.82,62.30,63.06,63.38,64.13,64.38,65.09,65.49,64.66,64.92,64.05,63.95,64.51,64.46,64.54,64.21,63.85,64.22,64.79,64.63,64.32
2021-8-20 0:2:0,63.86,62.87,63.66,63.31,63.33,63.74,63.98,64.46,64.23,64.57,63.54,63.15,63.51,62.96,62.92,64.09,63.61,63.68,64.35,63.87,64.05,63.83
2021-8-20 0:2:1,63.44,63.32,63.24,63.18,63.45,63.05,62.92,62.48,62.08,62.45,62.34,63.01,63.40,63.13,63.31,62.93,62.53,62.33,62.40,63.01,62.56,62.20
2021-8-20 0:2:2,61.83,61.27,61.45,62.59,63.25,63.84,63.82,63.67,63.26,62.79,63.30,62.94,62.95,62.63,62.56,62.86,63.36,63.41,63.25,62.94,62.51,62.82
2021-8-20 0:2:3,62.81,63.58,63.77,63.67,63.55,62.94,62.53,62.34,62.62,62.29,62.59,63.09,62.56,62.68,62.31,61.64,62.27,62.62,62.95,63.45,64.06,64.74
2021-8-20 0:2:4,64.66,64.73,64.44,63.99,64.10,64.06,63.71,63.78,64.62,65.36,66.13,66.49,66.38,66.13,66.09,65.56,65.02,64.58,64.34,64.87,65.30,66.34
2021-8-20 0:2:5,66.80,66.66,66.74,65.72,64.97,65.03,65.39,66.39,67.62,68.50,69.45,70.02,70.79,71.18,71.44,71.59,71.11,71.37,71.30,71.68,71.83,71.43
2021-8-20 0:2:6,71.10,70.26,69.99,70.11,69.53,69.87,69.96,69.90,70.43,71.04,71.68,71.60,71.79,70.83,69.67,69.14,68.11,67.80,67.39,66.85,66.69,66.48
2021-8-20 0:2:7,66.23,65.85,65.90,65.86,65.78,65.62,65.51,66.22,67.35,69.87,72.09,73.81,75.61,76.29,76.47,76.40,75.80,75.33,75.07,74.89,74.82,74.73
2021-8-20 0:2:8,74.85,74.93,75.71,75.90,76.00,76.26,75.64,75.39,74.86,74.56,74.73,75.19,76.02,76.30,76.22,75.72
2021-8-20 0:2:9,75.14,74.75,74.89,75.17,76.19,76.53,76.40,76.80,76.61,76.37,76.01,75.46,75.11,75.02,75.50,75.59,74.76,74.74,74.26,74.05,74.38,74.28
2021-8-20 0:2:10,74.39,74.20,73.48,72.93,72.45,72.40,72.72,72.48,72.11,71.68,71.68,72.07,72.03,71.69,71.67,71.03,70.79,70.48,70.53,70.48,70.06,70.67
2021-8-20 0:2:11,69.66,69.66,69.76,69.45,69.84,69.94,70.61,70.48,70.39,70.47,70.03,70.12,70.69,70.79,70.96,71.02,70.70,70.05,70.39,70.82,70.47,70.60
2021-8-20 0:2:12,70.60,70.66,71.33,71.61,71.26,71.08,70.87,71.15,71.19,71.60,72.08,72.43,73.09,72.86,72.98,73.40,73.81,73.98,74.13,74.16,74.36,75.04
2021-8-20 0:2:13,75.31,75.62,75.85,75.62,75.89,76.24,75.63,75.99,75.56,74.52,74.68,74.50,73.56,73.45,72.58,71.65,71.27,70.49,69.86,69.37,69.68,69.90
2021-8-20 0:2:14,70.51,70.40,69.86,69.11,69.28,69.29,70.13,71.40,71.33,72.22,72.00,72.11,72.39,72.49,72.51,72.38,71.90,71.60,71.90,71.60,72.78,73.07
2021-8-20 0:2:15,73.35,73.84,73.74,73.50,73.41,73.06,72.88,72.76,73.09,74.11,74.50,75.25,74.87,74.60,74.52,74.61,75.33,75.41,76.10,76.42,77.11,77.68
2021-8-20 0:2:16,77.47,77.87,77.93,77.85,78.05,77.87,77.43,77.95,77.97,78.09,78.01,78.38,78.03,77.94,78.22,77.09,77.14,76.68,76.39,76.50,76.57,76.50
2021-8-20 0:2:17,76.39,76.91,76.40,76.13,76.11,75.49,75.12,75.13,74.49,74.27,74.91,74.63,74.74,74.53,73.81,73.81,73.72,73.51,73.49,73.62,73.93,73.71
2021-8-20 0:2:18,73.27,72.14,71.19,70.85,70.60,71.11,70.96,70.89,70.78,70.23,69.91,69.49,69.24,69.19,68.67,68.49,68.15,68.02,68.28,67.79,68.01,68.15
2021-8-20 0:2:19,68.34,68.75,69.06,69.05,69.03,68.73,68.06,67.88,68.07,68.73,69.18,69.34,68.80,68.06,67.45,67.13,67.29,67.67,67.85,67.46,67.02
2021-8-20 0:2:20,66.56,66.75,66.79,67.14,67.55,67.37,67.61,67.39,66.80,66.66,66.54,66.36,66.53,66.54,66.98,67.65,68.39,69.39,69.68,69.45,69.12,68.05
2021-8-20 0:2:22,67.46,67.87,67.63,68.22,68.68,68.65,69.23,69.44,69.36,69.65,69.22,68.85,69.38,69.20,69.47,69.88,69.88,69.82,70.00,69.76,69.46,69.67
2021-8-20 0:2:23,69.83,70.15,70.14,69.87,70.17,70.36,70.13,70.58,70.38,70.54,70.93,70.56,70.48,69.78,69.36,69.25,69.47,70.41,70.55,71.15,70.90,71.43
2021-8-20 0:2:24,72.19,72.52,72.95,72.71,72.93,73.22,73.62,73.27,73.35,73.19,73.11,73.12,73.72,73.16,73.31,73.25,72.35,72.21,72.01,71.97,71.95,72.52
2021-8-20 0:2:25,72.51,72.57,72.26,72.06,71.67,72.02,72.16,72.60,73.35,73.19,73.72,73.60,73.33,73.53,73.77,73.81,73.87,73.67,73.53,74.15,74.66,75.14
2021-8-20 0:2:26,75.13,74.66,73.86,74.06,73.70,73.54,73.31,72.38,72.46,72.30,72.57,72.86,72.73,72.56,72.83,72.62,72.53,72.28,71.82,71.74,71.93
2021-8-20 0:2:27,72.46,72.67,72.92,73.27,72.98,72.95,73.33,72.95,73.22,73.60,73.48,73.52,73.13,72.07,70.96,70.44,70.15,70.70,71.11,70.51,69.92,69.29
2021-8-20 0:2:28,69.11,69.43,69.56,69.45,69.21,68.99,69.09,69.28,69.53,69.71,69.81,70.00,70.03,70.22,70.57,70.52,70.42,70.20,70.38,70.43,70.33,70.15
2021-8-20 0:2:29,69.90,69.26,69.06,69.38,69.01,69.63,70.20,69.98,70.25,69.88,69.43,69.47,68.85,68.81,68.47,68.97,69.28,69.08,69.83,68.85,68.83,68.88
2021-8-20 0:2:30,68.30,68.31,68.19,68.39,68.33,68.78,68.81,68.12,68.16,67.79,67.68,67.72,67.57,67.46,67.35,67.79,67.89,68.19,68.10,67.87,67.57,67.19
2021-8-20 0:2:31,67.30,67.32,67.32,67.60,68.03,67.52,67.51,66.96,66.22,66.47,66.65,67.01,67.56,67.96,67.29,67.21,66.82,66.60,67.17,67.44,67.29,67.08
2021-8-20 0:2:32,67.12,66.80,66.30,66.83,66.59,66.54,67.40,66.52,67.01,67.21,66.81,67.30,67.03,67.31,67.44,68.19,68.55
2021-8-20 0:2:33,68.49,68.75,68.36,68.07,68.61,68.93,69.05,69.39,68.73,68.13,67.60,67.35,67.19,67.10,67.29,67.50,67.70,67.92,68.16,67.29,66.58,66.26
2021-8-20 0:2:34,65.28,65.62,66.13,66.37,66.53,66.06,65.49,65.05,64.79,65.14,64.95,64.72,64.91,64.62,64.56,64.67,64.58,64.11,64.39,63.95,63.74,63.34
2021-8-20 0:2:35,63.06,63.15,63.13,63.74,63.65,63.78,63.92,63.62,63.40,62.87,62.65,62.52,62.32,62.54,62.11,62.23,62.37,62.15,62.34,61.84,61.64,62.18
2021-8-20 0:2:36,62.14,62.22,61.99,60.88,60.75,60.35,60.28,60.52,60.36,60.40,61.07,61.18,60.44,60.48,59.88,59.87,60.97,61.42,61.47,61.58,61.36,61.00
2021-8-20 0:2:37,60.91,61.01,61.49,61.52,61.26,60.89,60.49,60.63,61.29,61.93,62.04,62.29,62.41,62.42,62.20,62.01,62.12,62.49,63.09,63.42,63.89
2021-8-20 0:2:38,63.56,63.76,64.16,63.60,64.13,64.08,63.51,63.59,63.20,63.30,63.69,63.33,63.27,63.14,62.74,62.96,62.81,63.04,63.58,63.90,64.10,63.71
2021-8-20 0:2:39,63.44,64.05,64.09,64.30,64.42,64.10,64.31,63.96,63.84,63.77,64.16,64.36,64.81,64.75,64.13,64.18,64.50,65.08,65.10,65.48,64.98,64.24
2021-8-20 0:2:40,64.27,64.00,63.23,63.13,63.50,62.93,63.08,62.90,62.46,63.28,64.00,64.94,65.03,64.69,64.42,63.96,63.84,63.74,64.07,63.46,63.50
2021-8-20 0:2:41,63.76,63.58,64.15,64.21,63.95,63.53,63.86,63.90,64.00,64.29,63.38,63.64,63.37,63.03,63.96,63.40,62.80,63.17,63.19,63.74,64.45,64.38
2021-8-20 0:2:42,64.17,63.74,63.48,62.97,63.40,63.36,63.77,63.95,63.07,63.12,63.05,63.67,64.14,64.24,64.30,63.91,63.89,64.21,64.42,64.92,65.31,65.56
2021-8-20 0:2:43,65.97,66.04,66.03,65.48,65.14,65.45,65.04,65.71,66.12,65.62,66.50,67.12,67.59,68.93,68.96,69.05,69.36,69.83,70.62,71.09,70.99,70.92
2021-8-20 0:2:44,70.93,70.98,71.49,71.53,71.75,71.58,71.84,71.80,71.35,71.52,71.07,71.28,71.84,72.35,72.26,71.93,71.16,70.20,70.56,70.10,70.17,70.15
2021-8-20 0:2:45,69.90,70.15,70.07,70.22,70.65,70.74,70.74,70.77,70.11,69.50,69.76,69.59,69.69,70.14,70.13,70.40,69.68,69.04,68.48,68.22,68.55,68.82
2021-8-20 0:2:46,68.72,68.32,68.38,68.25,67.87,67.69,67.78,67.93,68.66,69.04,68.62,68.73,68.22,67.78,68.01,67.30,67.11,67.06,66.78,67.35,67.15,67.49
2021-8-20 0:2:47,67.05,66.60,66.99,66.64,66.85,66.55,66.11,66.44,66.49,66.93,67.19,66.36,65.77,65.46,65.36,65.46,66.24,66.30,66.31,66.82,66.47
2021-8-20 0:2:48,66.79,66.28,65.71,65.53,64.84,65.60,66.27,66.82,67.18,66.91,66.84,67.11,67.53,68.08,67.94,67.28,67.35,66.66,67.13,67.33,67.07,67.11
2021-8-20 0:2:50,66.30,66.27,66.17,65.96,66.04,65.80,65.37,65.41,65.85,66.84,67.17,67.59,67.86,67.21,67.38,67.25,66.34,65.96,66.18,66.13,66.23,66.90
2021-8-20 0:2:51,66.56,66.44,66.02,65.67,65.20,65.29,66.14,66.14,66.76,66.73,66.87,66.99,66.94,67.02,66.99,67.18,67.08,66.74,66.78,66.23,65.63,66.12
2021-8-20 0:2:52,65.11,65.08,65.04,64.47,64.85,64.54,64.28,64.32,64.18,64.30,64.85,65.15,65.45,65.14,65.15,64.51,63.99,64.44,64.45,64.82,65.38,65.47
2021-8-20 0:2:53,65.03,64.86,64.76,64.70,64.90,64.69,64.40,64.36,64.36,64.37,64.49,64.50,65.10,65.02,65.07,65.85,65.52,66.45,66.07,65.65,65.90,65.65
2021-8-20 0:2:54,66.29,66.58,66.42,66.65,66.98,66.64,66.50,66.59,66.24,65.79,66.33,66.17,66.28,66.50,66.30,66.19,66.69,66.56,66.02,66.04,65.47,65.40
2021-8-20 0:2:55,65.51,65.36,65.06,65.00,64.48,64.64,64.64,64.74,65.03,64.33,64.33,64.58,65.00,65.06,64.85,64.76,64.62,64.97,65.70,65.79,65.99,66.51
2021-8-20 0:2:56,65.77,65.41,65.32,64.68,64.60,64.39,64.63,64.66,65.27,65.91,65.86,65.74,65.18,64.92,64.99,65.25,66.17,66.52,66.51,66.62,65.75,66.06
2021-8-20 0:2:57,66.39,66.34,66.89,66.21,65.70,65.33,65.23,64.92,64.69,65.03,64.66,65.12,65.01,64.59,64.57,64.00,64.00
2021-8-20 0:2:58,64.15,64.47,65.16,64.91,64.73,64.28,64.28,64.53,64.91,65.23,64.80,65.52,65.19,64.67,65.71,65.05,65.30,65.89,65.36,65.22,65.16,65.58
2021-8-20 0:2:59,65.39,65.55,65.68,65.69,65.61,65.91,66.02,65.91,66.03,66.70,66.79,66.77,66.80,65.98,65.81,65.93,65.92,66.37,66.27,66.40,66.73,67.09
2021-8-20 0:3:0,67.59,66.77,66.49,66.14,65.75,65.91,66.09,65.63,65.48,65.74,65.30,65.46,65.56,65.48,65.78,66.15,66.22,66.22,66.42,66.00,66.02,65.55
2021-8-20 0:3:1,64.91,64.81,64.36,65.11,65.10,64.76,65.40,65.01,64.73,64.91,64.41,64.97,65.43,65.48,66.00,65.75,65.56,65.62,65.43,65.35,65.53,65.58
2021-8-20 0:3:2,65.19,65.53,65.30,65.36,65.48,65.28,64.73,64.56,64.69,64.11,64.71,64.48,64.78,64.89,65.01,64.91,64.29,64.22,63.84,63.83,63.77,63.60
2021-8-20 0:3:3,63.85,64.28,64.58,64.94,64.65,64.58,64.58,64.37,64.30,64.30,64.79,65.33,66.41,67.09,66.76,66.30,65.82,65.42,65.59,65.60,65.34,64.77
2021-8-20 0:3:4,64.24,64.23,64.20,64.25,64.06,63.35,63.63,63.19,63.55,63.78,63.06,62.49,62.19,62.26,62.12,62.85,62.75,62.70,62.71,62.06,62.16,61.96
2021-8-20 0:3:5,61.73,62.26,61.40,61.18,61.23,61.07,61.31,61.30,61.36,61.37,61.74,61.72,61.92,61.29,61.46,61.83,61.37,61.72,61.30,61.08,61.00,60.96
2021-8-20 0:3:6,61.11,60.71,60.61,60.49,60.29,60.37,60.39,60.47,60.51,60.39,60.41,60.56,60.91,61.12,61.05,60.87,60.25,60.52,61.27,61.22,61.44,61.59
2021-8-20 0:3:7,61.01,61.17,60.92,60.49,60.92,60.84,61.00,61.55,61.58,62.14,62.83,63.09,63.44,63.53,63.44,63.22,63.06,63.44,63.72,64.13,64.40,64.49
2021-8-20 0:3:8,64.45,64.43,64.73,64.41,64.81,64.79,64.59,65.18,64.05,62.93,62.37,61.22,61.38,61.82,61.62,62.16,62.36,62.53,62.76,62.61,62.51,62.82
2021-8-20 0:3:9,63.01,63.10,63.20,62.97,62.91,63.21,63.21,63.30,63.74,63.40,63.43,63.60,63.06,62.50,62.45,62.18,62.34,62.54,62.29,61.93,61.70,61.71
2021-8-20 0:3:10,61.80,61.78,61.71,61.73,61.55,61.66,62.14,62.27,62.48,62.56,62.19,61.72,61.53,61.58,60.73,60.77,60.73,60.84,61.40,61.37,60.49,60.28
2021-8-20 0:3:11,59.83,59.88,60.32,60.35,60.41,60.82,61.09,60.73,61.17,59.81,59.56,59.37,59.30,60.02,60.29,61.11,61.17,60.89,61.18,61.08,60.91,61.42
2021-8-20 0:3:12,61.29,60.86,60.84,61.09,60.39,60.65,60.97,60.66,61.10,60.53,60.11,60.20,59.87,59.73,59.50,58.82,59.29,59.58,59.46,59.95,59.56,59.02
2021-8-20 0:3:14,59.19,58.91,58.99,59.10,58.96,59.43,59.13,59.64,59.64,59.23,59.48,59.38,59.11,59.05,59.35,58.90,59.27,59.13,58.75,59.54,59.99,60.25
2021-8-20 0:3:15,60.39,59.78,59.45,59.09,59.24,59.54,59.45,59.69,60.06,60.21,60.66,61.15,60.76,61.02,61.11,60.84,60.83,60.77,60.60,61.02,61.42,61.56
2021-8-20 0:3:16,61.75,61.90,62.19,62.27,62.48,62.66,62.50,62.47,62.61,62.49,62.50,63.11,63.27,63.27,63.56,63.64,63.66,63.95,63.44,62.69,61.72,61.26
2021-8-20 0:3:17,61.39,61.70,61.86,61.72,61.62,61.70,61.84,61.62,61.91,61.16,61.19,61.69,60.93,60.74,61.36,61.04,61.65,62.14,61.67,61.77,61.70,61.49
2021-8-20 0:3:18,61.42,61.46,61.03,61.36,61.15,60.79,61.10,61.18,61.49,61.75,61.86,61.17,60.84,60.88,60.56,60.76,61.54,61.23,61.48,61.76,61.17,60.99
2021-8-20 0:3:19,61.27,60.83,60.69,61.37,60.52,60.43,60.07,59.74,60.39,60.87,60.74,60.96,61.09,60.44,61.00,61.01,60.22,60.92,60.54,60.03,60.35,60.16
2021-8-20 0:3:20,59.95,60.10,59.71,59.40,59.69,58.96,59.25,59.33,58.89,59.69,59.84,59.44,59.75,59.57,59.25,59.83,59.72,59.49,59.59,58.96,58.72,59.37
2021-8-20 0:3:21,59.27,59.67,60.19,59.98,60.21,60.13,59.78,59.77,59.55,59.77,60.28,60.08,60.40,60.69,60.16,60.18,59.96
2021-8-20 0:3:22,59.04,59.45,59.32,58.86,59.51,59.62,59.43,60.34,60.17,60.22,60.93,60.35,60.69,60.85,60.63,61.31,61.13,60.75,60.82,60.73,60.95,61.85
2021-8-20 0:3:23,62.22,62.41,62.67,62.06,62.67,62.81,62.58,63.07,62.74,62.87,63.32,63.29,63.70,63.43,63.90,64.06,64.32,64.54,64.60,64.76,64.43,64.45
2021-8-20 0:3:24,64.78,65.07,64.70,64.16,63.21,62.86,63.01,63.80,64.12,63.95,64.15,64.39,64.24,64.48,64.63,64.67,65.36,65.83,66.27,66.63,66.79
2021-8-20 0:3:25,67.20,66.65,66.71,66.65,66.70,67.56,68.00,68.14,68.33,68.56,67.97,68.80,68.83,69.21,69.94,70.32,70.68,70.74,70.83,70.43,70.31,70.20
2021-8-20 0:3:26,70.32,70.37,71.01,71.63,71.89,71.88,71.44,70.88,70.93,70.98,71.08,71.10,70.39,69.95,69.35,69.02,69.04,68.76,68.79,68.73,68.30,68.51
2021-8-20 0:3:27,68.47,67.84,67.76,66.89,65.52,65.27,64.51,64.10,64.36,64.20,63.57,63.59,63.23,62.75,63.30,62.99,63.05,62.72,62.60,62.59,62.75,62.41
2021-8-20 0:3:28,62.23,61.81,61.17,62.13,62.39,62.89,63.21,62.20,61.87,62.07,61.94,62.72,63.17,63.37,63.67,63.65,63.92,64.05,64.81,65.20,65.79,66.00
2021-8-20 0:3:29,66.38,67.36,67.54,68.46,69.36,69.41,69.54,69.68,70.20,70.28,71.38,71.22,70.68,71.19,70.48,70.90,70.65,70.51,70.65,70.60,70.38,70.29
2021-8-20 0:3:30,70.50,70.70,71.01,71.32,71.29,71.61,71.64,71.29,70.45,69.84,69.86,70.04,70.94,71.98,72.36,72.36,72.13,70.75,70.34,71.13,71.94,73.53
2021-8-20 0:3:31,74.84,75.15,76.11,76.25,76.03,76.02,75.06,73.54,72.44,71.67,70.94,71.62,71.96,71.60,71.25,70.30,70.62,71.05,71.21,71.81,71.20,70.56
2021-8-20 0:3:32,70.43,70.37,70.16,69.79,69.75,69.24,69.04,69.31,69.04,69.47,69.61,68.93,69.57,68.77,68.15,68.42,67.44,67.72,67.51,67.75,68.08,68.29
2021-8-20 0:3:33,68.36,68.22,67.64,66.86,66.58,65.50,65.05,64.55,64.58,64.24,64.43,64.23,64.32,63.96,63.68,63.25,62.76,63.46,63.15,64.11,63.96,63.98
2021-8-20 0:3:34,64.22,63.17,63.33,62.95,62.85,63.02,62.70,63.05,63.35,63.53,63.93,64.00,64.01,64.24,63.90,64.08,63.94,64.62,65.73,66.12,67.14
2021-8-20 0:3:35,67.05,67.05,67.38,67.76,68.51,69.03,69.41,69.21,69.37,69.64,70.64,71.29,71.83,72.28,72.44,72.39,72.13,71.47,70.24,69.93,69.56,68.88
2021-8-20 0:3:36,68.51,68.06,67.95,67.42,67.16,67.52,67.53,68.15,68.14,67.31,66.57,66.93,67.51,68.00,68.53,68.16,67.60,67.75,67.63,68.07,68.53,68.21
2021-8-20 0:3:37,68.15,67.38,67.33,67.30,67.09,67.62,67.81,67.94,67.83,67.59,66.76,66.02,65.62,65.64,65.52,65.81,66.26,65.96,66.34,66.08,66.43,66.45
2021-8-20 0:3:38,66.12,66.56,65.95,66.57,66.38,66.37,66.38,65.29,65.37,65.70,65.88,66.11,66.21,65.51,65.37,65.85,66.16,65.91,65.50,65.72,65.37
2021-8-20 0:3:39,66.15,66.26,65.33,65.13,64.83,65.51,65.81,65.84,65.46,64.90,64.83,64.90,65.38,65.70,65.77,66.07,65.51,65.45,65.88,66.15,66.77,66.56
2021-8-20 0:3:40,66.17,66.61,66.33,66.72,66.76,66.65,67.14,67.14,67.38,67.67,67.93,68.63,68.38,68.40,67.38,67.09,67.01,66.26,67.03,66.94,66.95,67.13
2021-8-20 0:3:42,66.58,66.15,66.32,66.35,66.72,67.22,67.49,67.65,68.29,68.01,68.45,68.10,67.73,67.36,66.46,66.76,66.32,66.20,66.78,66.28,65.99,65.93
2021-8-20 0:3:43,65.90,65.83,66.13,65.96,65.75,65.78,65.76,66.57,66.72,66.32,66.42,65.79,65.02,65.39,65.35,65.82,66.08,65.95,65.72,65.09,65.09,65.04
2021-8-20 0:3:44,64.58,64.34,63.91,64.27,64.51,64.68,64.60,64.63,64.53,65.18,65.89,65.94,66.42,66.21,66.59,66.65,67.48,68.82,69.02,68.64,68.26,67.99
2021-8-20 0:3:45,68.27,69.24,69.19,68.54,67.73,67.25,67.22,67.00,66.95,67.08,66.90,66.62,67.32,66.26,66.10,66.53,65.51,66.12,66.09,64.90,64.89,64.26
2021-8-20 0:3:46,64.16,65.19,65.28,65.20,64.97,64.16,64.50,64.32,63.74,63.63,62.73,62.68,62.87,63.11,63.02,63.29,62.76,62.47
2021-8-20 0:3:47,62.86,62.98,63.27,63.08,62.10,61.72,61.34,61.80,62.46,62.53,62.62,62.26,62.13,61.68,62.33,61.63,61.36,61.71,60.82,61.25,61.45,60.66
2021-8-20 0:3:48,60.55,60.48,59.82,59.89,60.14,59.80,60.75,60.76,60.62,60.68,60.01,60.20,60.26,60.10,60.09,60.59,60.64,61.17,61.04,60.77,61.18,61.07
2021-8-20 0:3:49,60.89,61.39,60.85,61.25,61.83,61.70,62.28,62.00,62.03,62.18,61.85,62.14,62.08,61.83,62.40,62.11,62.34,62.31,62.20,62.10,61.81
2021-8-20 0:3:50,61.62,61.10,61.28,61.67,61.40,61.33,60.77,60.33,61.03,60.63,60.55,60.72,60.34,60.98,61.26,61.08,60.77,60.91,60.88,60.62
2021-8-20 0:3:51,59.76,59.23,59.59,59.54,60.39,60.18,60.16,60.12,60.06,60.64,60.69,60.40,60.26,60.00,59.41,59.41,60.08,59.89,60.06,60.27
2021-8-20 0:3:52,59.53,60.24,60.50,60.61,60.54,60.16,60.24,61.00,61.56,60.95,60.70,59.76,59.78,59.51,59.68,60.31,59.90,60.16,59.87,59.47,59.15
2021-8-20 0:3:53,59.81,59.72,59.62,59.97,59.53,59.98,59.32,59.76,59.47,59.39,60.46,60.08,60.71,60.02,59.49,58.76,58.43,58.42,57.77,58.09,57.82
2021-8-20 0:3:54,58.25,58.78,58.97,58.54,58.34,58.42,58.08,58.16,57.80,57.85,58.29,58.18,59.02,58.91,59.11,59.62,59.71,59.57,59.44,59.24,58.42
2021-8-20 0:3:55,58.53,58.35,58.82,58.86,59.26,59.36,59.08,59.56,59.24,59.37,59.51,59.31,59.71,59.46,59.33,58.88,58.58,58.67,58.63,58.56
2021-8-20 0:3:56,58.51,58.52,58.70,59.08,59.00,59.37,59.12,58.96,59.11,58.30,58.51,57.69,57.55,57.22,56.83,58.23,58.41,59.15,58.95,58.39
2021-8-20 0:3:57,58.42,57.82,58.24,58.05,57.43,57.64,57.63,57.73,58.21,58.33,58.80,58.97,58.45,58.74,58.06,57.95,57.87,57.37,57.71,57.42,58.26
2021-8-20 0:3:58,58.17,58.49,58.28,58.14,58.29,57.70,57.87,57.35,57.37,57.15,57.90,57.80,58.02,58.29,57.63,58.09,57.42,57.93,58.16,58.03
2021-8-20 0:3:59,58.26,57.46,57.62,57.92,58.66,58.43,58.62,58.79,58.36,59.10,58.47,58.51,58.61,58.35,58.80,58.07,57.99,57.74,58.04,58.05
2021-8-20 0:4:0,58.20,58.50,58.33,58.65,58.61,58.99,58.50,61.71,62.85,62.75,63.21,60.14,58.79,58.62,58.48,58.55,58.71,57.92,57.78,57.19
2021-8-20 0:4:1,57.24,57.72,58.35,58.26,58.48,58.66,57.98,58.33,57.77,58.22,58.34,58.82,59.24,59.19,59.21,58.70,58.46,57.82,57.90,57.75
2021-8-20 0:4:2,57.88,58.36,58.31,58.47,58.30,58.10,57.32,57.23,57.12,57.00,57.33,57.41,57.97,57.81,58.24,58.10,57.89,57.88,57.73,57.86
2021-8-20 0:4:3,57.70,57.95,57.51,57.85,57.64,57.65,58.08,57.18,57.75,57.80,58.50,58.97,59.00,59.13,58.52,58.67,58.31,58.36,58.13,58.06
2021-8-20 0:4:4,58.38,58.03,58.19,58.41,58.52,58.84,58.97,58.85,58.77,58.51,58.62,58.87,58.64,58.84,58.81,58.91,58.73,58.74,58.62,58.18
2021-8-20 0:4:5,57.99,57.94,58.36,58.51,58.81,58.67,58.09,58.11,58.15,58.81,59.13,59.08,58.97,58.50,57.99,58.13,58.19,58.05,58.34,58.41
2021-8-20 0:4:6,58.16,58.05,57.68,57.48,57.59,57.83,58.33,58.18,58.12,58.19,58.30,58.08,58.33,58.25,57.96,58.45,58.19,58.07,57.87,57.83
2021-8-20 0:4:7,58.39,58.67,58.83,58.75,58.39,57.96,58.32,57.97,58.15,58.72,58.64,59.05,58.45,58.21,57.64,57.31,57.41,56.90,57.28,57.40
2021-8-20 0:4:8,57.46,57.47,57.59,57.37,57.67,57.94,57.42,57.23,56.79,56.99,57.10,57.82,57.80,57.55,57.49,57.28,57.93,57.62,58.55,58.30
2021-8-20 0:4:9,58.31,58.60,57.71,58.04,57.48,57.53,57.79,57.51,57.71,57.57,58.07,58.27,58.31,58.48,58.19,58.24,58.12,58.15,57.66,57.73
2021-8-20 0:4:10,57.59,57.55,57.76,57.54,57.93,57.85,58.03,57.61,57.89,57.65,57.35,57.78,57.17,57.63,57.47,57.80,57.80,57.59,58.02,57.37
2021-8-20 0:4:11,57.54,57.26,57.38,57.59,57.37,57.80,57.09,57.22,57.64,57.55,58.17,57.80,57.82,57.33,57.21,57.14,57.12,57.58
2021-8-20 0:4:12,57.32,57.68,57.08,57.18,57.00,57.44,58.04,57.56,57.98,57.00,57.30,57.89,57.76,57.97,57.11,57.08,56.87,57.28,57.42,57.56
2021-8-20 0:4:13,57.66,57.79,57.97,57.20,57.35,56.72,57.31,57.21,57.46,57.54,56.54,56.87,56.12,56.97,57.39,57.67,58.08,57.46,58.07,57.63,57.91
2021-8-20 0:4:14,57.82,57.43,57.67,57.43,57.70,57.45,58.05,57.90,58.42,58.10,57.69,57.77,56.83,57.49,56.88,57.22,57.13,57.03,57.36,57.08
2021-8-20 0:4:15,57.60,57.31,57.75,57.57,57.41,57.53,57.13,57.30,57.05,57.19,56.98,57.51,57.74,57.43,57.68,56.67,56.90,57.11,57.86,58.37
2021-8-20 0:4:16,58.49,58.18,57.10,57.66,57.24,57.19,57.85,57.07,57.57,57.64,57.34,57.96,57.64,58.19,57.98,57.84,57.63,57.23,57.73,56.95
2021-8-20 0:4:17,57.76,57.45,57.25,57.54,56.52,56.99,56.66,57.36,57.76,58.14,57.91,57.47,57.67,56.81,57.26,57.38,57.75,57.65,58.30,58.22
2021-8-20 0:4:18,57.65,58.27,57.31,57.34,57.21,57.13,57.12,57.47,57.40,57.27,57.75,57.16,57.81,57.66,57.92,58.07,57.66,57.66,56.98,57.13
2021-8-20 0:4:19,56.50,57.16,57.32,57.09,58.08,57.45,58.02,58.13,57.90,57.75,56.95,57.19,56.91,57.15,56.90,56.87,56.53,56.69,57.66,57.31,57.81
2021-8-20 0:4:20,57.67,57.93,57.90,57.49,57.23,56.28,56.46,56.34,57.17,57.32,57.39,57.66,56.71,56.86,56.97,57.36,57.54,57.58,57.85,57.23
2021-8-20 0:4:21,57.54,57.35,57.47,58.25,58.76,59.03,58.48,58.33,57.53,57.73,57.38,57.46,57.51,57.20,57.74,57.32,58.11,57.89,58.22,58.45
2021-8-20 0:4:22,57.96,58.22,57.88,58.60,58.49,58.69,58.51,58.15,57.75,57.55,57.35,57.05,57.92,57.83,58.92,58.46,58.01,58.38,57.38,57.71
2021-8-20 0:4:23,57.24,57.44,57.39,57.90,58.25,57.81,58.10,57.33,57.79,57.75,57.76,57.95,57.51,57.81,57.71,58.22,58.38,58.90,58.60,58.35
2021-8-20 0:4:24,58.36,57.54,57.96,57.78,58.07,57.88,58.36,58.31,58.10,58.71,57.90,58.12,58.03,58.18,58.47,58.22,58.63,58.31,58.36,58.64
2021-8-20 0:4:25,58.47,58.13,58.14,58.08,57.61,58.03,57.70,58.26,58.10,58.02,58.55,57.64,58.04,57.77,58.13,58.14,58.35,58.49,57.81,58.24
2021-8-20 0:4:26,57.87,58.03,57.98,57.93,58.25,57.94,57.91,57.66,57.72,57.60,57.96,57.81,57.98,58.28,57.75,58.20,57.87,57.79,57.88,58.16
2021-8-20 0:4:27,57.84,57.81,58.23,57.61,58.26,58.11,58.36,58.34,58.23,58.89,58.62,59.17,58.80,58.95,59.18,59.19,59.66,59.06,59.20,59.39
2021-8-20 0:4:28,59.90,60.26,60.08,59.87,59.31,59.28,59.22,59.64,59.83,60.12,60.92,60.92,60.95,60.96,60.54,60.42,60.79,60.87,60.81,61.05
2021-8-20 0:4:29,60.61,60.66,60.72,60.97,61.05,60.84,60.32,59.55,59.54,58.72,58.89,59.14,59.31,59.77,59.91,59.81,59.57,59.86,59.38,59.21
2021-8-20 0:4:30,59.10,58.64,58.92,58.56,58.54,58.52,58.77,59.23,59.03,59.35,58.78,58.63,59.20,59.54,59.63,59.12,58.93,58.10,58.48,58.71,58.85
2021-8-20 0:4:31,58.82,58.64,58.95,58.48,59.03,58.62,58.35,58.12,58.14,58.62,58.57,59.35,59.59,60.14,60.17,59.91,59.18,58.26,58.68,58.26
2021-8-20 0:4:32,58.92,58.73,58.73,58.75,57.99,58.17,57.81,58.38,58.48,58.65,58.73,58.62,58.95,58.69,58.54,57.79,58.16,58.29,58.32,59.30
2021-8-20 0:4:33,58.78,59.13,58.92,58.54,58.73,58.98,59.25,58.71,58.84,58.46,58.96,59.73,59.73,60.03,59.77,59.78,59.93,59.91,59.66,59.30
2021-8-20 0:4:34,58.95,59.00,59.41,59.24,59.26,58.86,59.36,59.38,59.59,59.51,58.88,59.20,58.57,58.80,58.95,58.82,59.35,59.15,58.74,58.37
2021-8-20 0:4:35,58.20,58.68,58.87,59.17,59.32,58.89,58.67,58.83,59.26,59.56,59.74,59.81,59.39,58.70,58.73,58.99,59.27,59.67,59.85,59.78
2021-8-20 0:4:36,59.03,59.29,58.63,58.68,58.78,59.34,60.02,59.74,59.76,58.91,59.00,58.42,59.18,58.86,58.32,58.59,57.75,58.39,58.35
2021-8-20 0:4:37,58.89,58.91,59.05,59.00,58.21,58.45,57.66,57.95,58.70,58.61,58.85,58.69,58.81,59.01,59.56,59.85,60.00,59.99,59.81,59.63
2021-8-20 0:4:38,59.04,59.34,59.45,60.30,60.63,60.74,60.91,60.75,61.04,60.66,60.40,60.31,60.22,60.25,60.62,61.08,62.60,64.63,66.07,67.45
2021-8-20 0:4:39,68.76,70.12,71.52,73.21,73.57,74.72,75.66,76.21,76.53,76.38,76.05,76.04,75.81,76.14,76.20,75.93,76.25,75.38,75.74,75.31
2021-8-20 0:4:40,75.23,75.17,74.23,74.70,74.90,75.05,76.04,75.51,75.12,75.48,74.91,75.20,75.33,74.99,75.30,75.28,75.42,75.33,75.24,75.30
2021-8-20 0:4:41,75.17,75.62,75.96,75.08,74.62,74.38,73.49,74.01,74.18,73.72,74.50,74.95,75.12,75.19,74.78,73.99,73.63,73.55,73.15,72.51,73.32
2021-8-20 0:4:42,73.16,73.74,74.54,73.76,73.60,73.03,72.62,72.62,72.54,72.25,72.28,72.33,72.30,72.35,72.47,71.35,70.96,70.46,69.65,69.72
2021-8-20 0:4:43,68.96,68.58,68.13,67.81,68.21,68.17,68.51,68.76,68.67,68.42,68.32,67.94,68.01,67.97,67.93,68.62,68.58,68.98,69.53,69.63
2021-8-20 0:4:44,70.57,70.78,70.96,71.32,70.96,71.74,72.26,72.29,72.82,73.17,73.23,73.52,73.46,73.16,73.19,73.21,73.27,73.22,73.20,73.00
2021-8-20 0:4:45,72.91,72.69,72.21,71.87,70.91,70.20,69.37,68.94,69.19,68.83,68.52,67.97,66.98,67.14,67.40,67.47,67.92,68.34,68.41,68.54
2021-8-20 0:4:46,69.00,68.71,68.83,69.15,69.20,69.32,69.43,69.66,70.27,70.93,71.48,72.04,71.86,71.87,72.21,72.11,72.47,72.37,72.36,72.59
2021-8-20 0:4:47,72.57,72.87,74.54,76.28,75.91,75.86,73.68,71.91,72.01,71.87,71.62,71.14,70.97,70.26,70.31,69.75,69.30,69.20,69.01,69.11
2021-8-20 0:4:48,69.21,68.71,68.50,68.16,67.33,67.39,67.50,67.04,67.08,67.42,67.03,67.00,66.62,65.69,65.64,65.76,65.84,66.48,66.52,66.15
2021-8-20 0:4:49,66.47,66.18,65.80,65.56,65.06,64.53,64.68,65.11,65.23,65.33,64.85,64.46,64.34,64.21,64.48,64.88,64.63,64.71,64.24,63.97
2021-8-20 0:4:50,64.12,64.11,64.10,64.32,64.78,65.36,65.73,65.40,64.84,64.42,63.79,63.69,64.30,64.05,64.27,64.62,63.97,63.93,63.72,63.35,63.48
2021-8-20 0:4:51,63.24,63.47,63.69,63.65,63.76,63.91,63.61,63.73,63.85,63.77,64.32,64.46,64.91,64.95,65.11,65.03,65.04,65.13,64.76,64.92
2021-8-20 0:4:52,64.57,64.30,64.01,63.87,63.71,64.24,64.10,63.67,63.77,63.29,63.19,63.64,63.67,63.89,64.22,63.94,63.98,64.19,63.93,63.52,63.26
2021-8-20 0:4:53,62.28,62.21,62.36,62.27,62.16,62.04,61.73,61.71,61.93,62.15,62.19,62.03,62.10,61.95,62.32,62.56,62.56,62.91,62.96,62.73
2021-8-20 0:4:54,63.19,63.22,63.16,63.74,63.43,63.06,63.41,63.55,63.89,64.66,64.72,64.85,65.19,65.15,65.16,64.74,64.69,64.83,65.00,65.55
2021-8-20 0:4:55,65.82,65.71,65.73,66.02,65.81,65.98,66.14,65.63,66.09,66.21,66.08,66.28,65.55,65.45,65.43,65.07,64.88,64.42,64.21,64.16
2021-8-20 0:4:56,64.72,64.69,64.51,64.32,63.81,63.55,63.21,63.21,62.87,62.75,62.92,62.87,62.89,63.21,62.86,62.66,62.53,62.41,62.87,63.11
2021-8-20 0:4:57,63.81,63.74,63.49,63.92,63.74,63.33,63.40,63.37,63.50,64.31,64.51,64.75,64.78,64.63,64.79,64.72,64.60,64.64,65.08,65.02
2021-8-20 0:4:58,65.31,65.97,65.57,65.32,65.33,64.89,65.00,65.35,65.86,66.14,66.35,66.20,65.44,65.33,65.46,65.10,64.92,64.86,64.72,65.26
2021-8-20 0:4:59,65.59,65.06,65.28,65.74,66.66,67.46,67.67,67.66,67.87,67.86,68.23,68.70,68.62,69.48,69.31,69.11,68.56,67.54,67.93,67.49
2021-8-20 0:5:0,68.07,68.74,68.35,69.74,69.39,70.08,70.68,69.76,70.37,69.96,70.20,71.31,71.60,71.83,72.08,71.24,71.12,71.76,71.82,72.04
2021-8-20 0:5:1,72.47,72.33,71.91,71.94,71.75,71.69,71.73,72.45,72.59,72.65,73.11,72.61,73.57,73.73,73.43,73.27,71.68,70.63,70.87,70.50
2021-8-20 0:5:2,71.04,71.04,69.87,69.60,68.73,68.61,68.85,69.16,68.93,68.93,68.85,68.77,69.25,69.21,69.30,69.56,69.53,70.11,69.72
2021-8-20 0:5:3,69.72,69.96,69.54,69.95,69.58,69.18,68.84,68.66,68.70,68.74,69.17,69.66,69.76,69.65,69.59,69.43,69.61,69.85,69.92,69.46
2021-8-20 0:5:4,69.03,68.34,67.74,67.49,67.26,66.89,66.47,66.06,65.26,65.46,65.96,66.26,66.69,67.08,66.86,67.14,66.85,66.48,66.94,66.45
2021-8-20 0:5:5,66.25,66.08,65.07,64.52,64.56,64.30,64.35,65.10,65.09,65.66,66.03,65.69,66.25,65.96,65.59,65.58,65.49,66.07,66.06,65.92
2021-8-20 0:5:6,65.97,65.40,65.70,66.23,66.35,66.22,66.02,66.05,65.72,65.89,65.91,65.65,65.55,65.26,64.87,65.03,64.75,64.38,64.37,63.31
2021-8-20 0:5:7,63.11,63.69,63.49,63.30,63.30,62.68,62.71,63.23,63.07,62.94,63.14,62.55,62.40,62.52,62.03,62.39,62.56,62.36,62.59,62.68
2021-8-20 0:5:8,62.70,62.66,62.54,62.14,62.15,61.84,61.62,61.57,61.11,61.27,61.05,61.08,61.15,61.27,61.73,61.92,61.26,61.12,61.10,60.53
2021-8-20 0:5:9,60.74,60.97,60.41,60.81,60.85,60.79,60.81,60.55,60.83,60.29,60.86,60.78,60.99,61.34,61.39,61.91,61.57,61.46,61.32,61.48
2021-8-20 0:5:10,62.04,62.57,62.52,61.94,61.26,60.53,60.76,60.57,60.68,60.44,59.85,60.50,60.53,60.80,60.58,59.73,59.63,59.50,59.16,59.62
2021-8-20 0:5:11,58.98,58.49,58.68,58.03,58.83,59.02,59.10,59.37,58.57,58.11,57.93,57.86,58.16,58.64,59.03,59.02,59.15,59.28,59.01,59.04
2021-8-20 0:5:12,58.89,58.54,58.34,58.30,58.35,58.71,58.75,58.38,58.24,57.52,57.92,58.40,58.15,58.59,58.20,58.05,58.63,59.23,58.91,58.30
2021-8-20 0:5:13,57.81,57.38,57.71,58.22,58.83,58.59,58.09,58.29,57.70,58.03,59.00,58.63,58.68,58.46,57.57,57.45,57.56,57.84,58.32,58.56
2021-8-20 0:5:14,58.41,57.82,57.58,57.64,57.60,57.35,57.46,57.34,57.47,58.27,58.17,57.94,58.01,57.38,57.53,57.48,56.90,56.98,57.27,57.41
2021-8-20 0:5:15,57.66,58.26,58.04,57.97,57.82,57.07,56.92,56.71,56.67,56.89,57.02,57.05,57.64,57.21,56.46,56.69,56.59,57.15,57.21,57.16
2021-8-20 0:5:16,56.96,56.62,56.51,55.88,55.91,56.05,56.80,57.30,57.46,57.37,57.07,57.41,57.03,57.22,57.22,57.29,57.21,57.20,57.43,56.96
2021-8-20 0:5:17,56.95,57.11,57.14,57.40,57.87,57.58,57.09,57.49,57.51,57.87,57.66,57.39,57.30,57.22,57.78,58.20,58.30,58.54,58.83,58.56,58.60
2021-8-20 0:5:19,58.52,58.84,59.08,59.29,59.94,59.72,60.25,60.77,61.39,62.26,62.67,62.87,63.00,63.39,63.91,64.71,64.97,65.37,65.70,65.82,65.72
2021-8-20 0:5:20,65.98,65.83,66.33,67.39,67.82,68.24,67.90,66.61,65.44,64.54,63.69,63.60,63.55,63.63,63.60,63.27,63.57,63.19,63.45,63.43
2021-8-20 0:5:21,62.86,62.88,62.77,63.01,63.04,63.07,62.21,62.17,61.87,61.75,62.00,61.67,62.01,62.12,62.99,63.72,63.94,64.40,64.70,65.00
2021-8-20 0:5:22,65.59,66.03,65.66,65.82,66.68,66.95,67.59,67.66,67.31,66.83,66.63,66.71,66.12,65.54,64.76,63.81,62.86,62.46,62.42,62.01,61.86
2021-8-20 0:5:23,61.81,61.34,61.58,62.17,62.09,62.49,62.66,62.92,63.31,63.43,63.41,62.69,62.81,63.25,62.98,63.06,62.55,61.74,61.39,61.13
2021-8-20 0:5:24,61.20,61.24,61.84,61.92,62.05,62.22,61.88,62.58,62.47,62.68,62.68,62.35,62.21,62.67,62.88,62.30,63.06,62.55,63.02,64.13
2021-8-20 0:5:25,64.36,64.70,64.64,64.76,64.65,64.63,65.34,65.62,66.08,66.80,66.84,66.87,66.46,66.73,66.51,65.87,66.34,65.80,65.49,65.95
2021-8-20 0:5:26,65.91,65.92,65.90,65.91,65.66,65.34,64.82,64.17,63.38,62.86,63.28,62.83,62.83,63.09,62.67,63.45,63.96,64.05,64.04,63.59
2021-8-20 0:5:27,63.41,62.96,63.13,63.24,63.35,63.85,63.78,63.27,62.96,62.52,62.65,62.89,62.82,63.03,63.03,62.84,62.52,61.92,61.52,61.49
2021-8-20 0:5:28,61.15,60.65,60.67,61.12,61.69,62.04,62.25,60.98,60.26,60.46,60.33,60.58,60.98,61.46,61.63,62.25,62.08,61.31,60.57,60.76
2021-8-20 0:5:29,61.21,60.88,60.96,60.45,59.14,59.50,59.03,58.72,59.17,58.83,58.99,59.18,59.43,59.52,59.46,59.27,59.15,59.18,59.37,60.11
2021-8-20 0:5:30,60.36,60.38,60.51,59.94,59.42,60.12,60.29,60.58,61.13,60.49,60.05,59.62,60.08,60.73,61.42,61.86,61.12,60.91,60.40,60.93,61.46
2021-8-20 0:5:31,61.58,62.07,61.79,61.91,61.49,61.24,60.82,60.69,61.41,61.72,62.04,62.26,62.29,62.44,62.86,62.83,62.92,62.95,63.06,63.24
2021-8-20 0:5:32,62.84,62.94,62.51,62.74,63.41,63.60,64.13,64.63,64.97,65.08,65.69,66.17,66.31,66.91,66.94,66.61,66.87,67.01,67.21,67.38
2021-8-20 0:5:33,67.27,67.53,67.52,67.66,67.26,67.03,67.21,67.29,67.98,68.58,68.46,68.70,68.78,68.60,69.70,70.32,70.98,71.21,70.89,70.72
2021-8-20 0:5:34,70.57,70.60,70.76,70.71,70.57,70.76,70.54,70.24,70.04,69.98,69.72,69.94,70.42,70.28,70.97,71.24,70.98,71.14,70.89,70.10
2021-8-20 0:5:35,69.98,69.82,69.34,70.12,70.31,70.22,70.63,70.56,70.06,69.88,69.01,68.55,68.57,68.54,69.44,69.69,69.78,69.41,69.02,68.69
2021-8-20 0:5:36,68.38,68.70,68.25,68.12,68.40,67.60,67.98,67.99,67.90,69.03,69.26,69.09,69.64,69.08,68.44,68.19,67.33,66.78,66.79,67.39
2021-8-20 0:5:37,66.92,67.26,66.82,65.94,65.74,65.23,65.08,65.02,65.26,65.27,65.38,65.75,66.27,66.34,65.99,65.41,65.01,64.88,65.40,65.91
2021-8-20 0:5:38,65.82,65.91,66.08,66.28,66.30,67.06,67.27,67.50,68.06,68.14,68.12,68.27,68.70,69.22,69.55,70.11,69.94,69.69,69.85,69.92
2021-8-20 0:5:39,70.17,70.07,70.61,70.41,70.39,70.55,70.36,70.08,70.01,69.74,69.24,69.25,69.08,69.09,68.53,68.19,67.93,67.23,66.74,66.59
2021-8-20 0:5:40,66.15,66.00,66.43,66.21,65.89,65.49,64.95,64.76,64.36,64.92,64.82,64.42,64.52,64.04,63.79,63.33,62.88,62.58,61.94,62.14
2021-8-20 0:5:41,62.39,62.16,62.79,62.15,61.68,61.10,60.79,60.86,61.43,61.61,61.22,61.29,61.02,61.07,61.20,60.86,60.35,60.46,60.47,60.87,60.85
2021-8-20 0:5:42,60.60,60.84,60.96,61.33,61.34,61.30,61.53,61.67,61.90,61.70,61.90,62.38,61.90,62.19,61.49,61.13,61.52,61.78,62.39,62.24
2021-8-20 0:5:43,62.12,61.93,61.80,61.49,61.80,61.54,60.96,60.75,60.75,59.96,59.93,60.28,60.21,60.97,60.92,60.30,60.10,60.01,60.09,60.77
2021-8-20 0:5:44,60.69,60.30,60.01,59.18,59.11,59.10,59.29,59.30,59.06,59.49,60.10,60.24,60.67,60.43,59.51,59.44,59.05,59.24,59.27,60.06
2021-8-20 0:5:45,60.10,60.01,60.51,60.62,61.13,61.70,62.05,61.89,62.25,62.13,62.22,62.44,62.59,62.90,63.14,63.52,63.50,63.83,64.50,64.88
2021-8-20 0:5:46,65.62,65.53,65.43,66.04,66.51,66.70,67.10,66.59,65.89,66.51,66.58,66.77,66.51,66.19,65.91,66.20,67.41,68.18,68.62,68.39,68.15
2021-8-20 0:5:47,68.11,68.03,68.78,68.86,68.68,68.96,69.15,69.40,69.50,69.18,68.76,68.73,69.25,69.52,69.77,69.17,68.12,67.90,67.40,67.86
2021-8-20 0:5:48,68.45,68.67,69.30,69.73,69.98,69.88,70.22,70.10,69.97,70.24,69.82,69.92,70.34,70.87,71.00,71.58,71.46,71.40,72.08,72.39
2021-8-20 0:5:49,72.65,73.06,72.80,71.87,71.27,70.93,69.97,69.94,69.70,69.39,69.67,69.42,69.60,69.09,69.19,69.18,69.14,68.83,68.55,68.49
2021-8-20 0:5:50,68.63,68.75,68.27,67.65,67.26,66.85,66.58,66.56,66.26,66.63,66.78,67.07,67.07,66.62,66.41,65.86,65.71,65.71,66.23,66.68
2021-8-20 0:5:51,66.58,67.35,67.60,67.95,68.48,68.18,68.26,67.68,67.64,67.35,66.72,66.86,67.26,67.74,68.28,69.41,69.10,68.76,69.36,68.29,68.42
2021-8-20 0:5:52,69.04,68.61,68.74,68.44,68.26,67.95,68.12,68.41,68.29,68.32,67.64,66.52,66.19,65.69,65.44,65.45,64.79,63.64,63.38,62.57,62.24
2021-8-20 0:5:53,62.44,62.18,62.69,62.29,61.69,61.29,60.74,60.39,60.46,60.16,60.45,60.54,60.10,59.63,58.73,58.50
2021-8-20 0:5:54,58.89,59.33,59.27,58.60,58.42,57.97,58.11,58.56,58.05,58.26,58.61,58.65,59.14,59.31,58.71,58.60,58.59,58.48,58.49,58.47
2021-8-20 0:5:55,58.62,58.56,58.71,58.59,58.44,58.33,58.82,59.09,58.91,59.21,58.68,58.68,58.72,58.89,59.28,59.42,59.34,58.99,58.88,58.47
2021-8-20 0:5:56,59.10,59.10,59.64,60.45,60.21,60.70,60.92,59.99,59.78,59.55,59.71,60.17,60.47,60.50,60.67,60.99,61.05,61.43,61.12,61.32
2021-8-20 0:5:57,61.44,61.33,61.04,61.09,61.02,61.31,61.35,61.10,61.49,61.67,62.26,62.63,62.66,62.93,62.71,62.37,62.33,62.12,62.78,63.39
2021-8-20 0:5:58,64.00,64.59,63.86,64.14,64.13,64.05,64.53,64.67,65.38,65.73,66.20,66.40,66.33,66.67,67.40,67.92,67.66,67.99,68.04,68.00
2021-8-20 0:5:59,68.80,68.97,69.46,70.04,70.13,70.44,70.45,70.68,71.04,70.97,70.53,70.69,70.67,70.40,70.47,70.56,70.41,70.16,69.87,69.35
2021-8-20 0:6:0,69.71,69.79,70.19,70.73,70.30,70.66,70.89,70.67,71.08,71.52,71.69,72.42,73.01,73.47,73.74,74.14,74.35,74.29,74.26,73.68
2021-8-20 0:6:1,73.11,72.69,72.49,72.04,71.17,70.34,69.02,68.14,66.90,66.22,65.81,64.93,65.31,64.79,64.63,64.50,63.63,63.22,63.00,62.97
2021-8-20 0:6:2,63.18,63.26,62.77,62.32,61.94,62.02,61.63,61.42,61.38,61.01,61.32,61.70,61.64,61.40,60.96,60.64,60.44,59.98,60.42,59.69
2021-8-20 0:6:3,59.79,60.06,59.52,60.43,60.22,59.95,59.46,58.57,58.23,58.38,58.87,58.76,58.86,58.65,58.18,58.58,58.91,59.25,59.72,59.51
2021-8-20 0:6:4,58.92,58.97,58.26,58.62,58.35,58.71,59.27,59.12,59.53,58.67,58.42,58.09,58.03,58.20,58.46,58.64,58.94,59.06,58.96,59.07
2021-8-20 0:6:5,58.76,58.21,58.51,58.70,59.26,60.01,60.24,60.08,60.07,60.10,59.69,59.90,60.21,60.76,61.81,62.12,62.51,63.75,63.71,64.00
2021-8-20 0:6:6,63.99,62.87,62.80,62.95,62.57,62.34,61.87,60.72,60.56,59.92,59.61,59.43,58.95,58.90,58.71,58.79,59.20,59.49,59.94,60.96
2021-8-20 0:6:7,60.46,59.48,58.70,57.18,57.20,57.43,56.81,57.11,56.64,56.77,57.41,57.39,57.14,56.67,56.81,56.22,56.41,56.66,56.45,58.29
2021-8-20 0:6:8,58.69,58.49,58.04,56.34,55.82,55.91,55.77,56.05,56.01,55.62,56.08,60.06,59.96,60.24,60.26,56.07,56.30,56.59,56.30,56.61
2021-8-20 0:6:9,59.11,58.98,59.47,59.26,56.95,56.83,56.82,56.68,56.57,56.79,56.32,56.46,56.68,56.44,56.47,56.35,55.76,55.79,56.27,56.36
2021-8-20 0:6:10,56.81,56.55,56.43,56.73,56.51,56.74,56.23,55.75,55.42,55.49,55.29,55.52,55.64,55.64,55.86,55.92,55.88,55.76,55.93,55.70
2021-8-20 0:6:11,55.90,55.94,55.78,56.14,56.23,55.61,55.61,55.76,55.91,56.62,56.99,56.51,56.50,56.81,56.53,56.65,56.55,56.13,56.40,56.07
2021-8-20 0:6:12,56.21,56.57,56.81,56.88,56.64,56.22,55.62,55.40,55.77,56.09,56.50,56.99,56.60,56.42,56.49,56.27,56.46,56.73,56.63,56.74
2021-8-20 0:6:13,56.82,56.19,56.20,56.22,55.87,56.67,56.67,56.94,58.07,57.72,57.95,57.93,57.48,57.53,57.19,57.37,57.36,58.08,58.04,58.12
2021-8-20 0:6:14,58.10,57.56,58.00,57.75,58.12,58.49,58.98,59.44,59.38,59.36,59.53,59.56,59.60,59.49,59.13,59.03,58.60,58.60,58.19,57.75
2021-8-20 0:6:15,57.27,57.10,56.42,56.90,57.67,57.44,57.85,57.31,56.62,56.54,56.26,56.47,56.60,56.51,56.89,56.72,56.66,56.72,56.37,56.12
2021-8-20 0:6:16,55.99,55.86,56.05,55.97,55.99,56.23,56.10,56.00,56.09,56.11,56.55,56.66,56.12,56.44,56.17,56.31,56.84,56.49,56.11,56.18
2021-8-20 0:6:17,56.22,56.22,56.40,56.49,56.33,55.98,56.27,56.17,56.25,56.46,56.55,56.48,56.28,56.44,56.57,57.03,57.21,57.20,57.15,56.65,56.97
2021-8-20 0:6:18,57.37,57.23,57.54,57.66,57.43,57.46,57.59,57.24,57.72,57.84,57.96,58.51,58.58,58.88,58.57,58.33,57.86,57.93,58.23,58.31,58.82
2021-8-20 0:6:19,59.03,60.12,60.22,60.76,61.18,60.99,62.03,62.08,62.53,62.48,62.86,63.31,63.88,64.12,63.86
2021-8-20 0:6:20,64.25,63.31,63.61,63.49,62.78,62.82,62.69,62.00,61.52,61.45,60.78,60.80,60.73,60.73,60.97,61.82,62.04,61.71,61.91,61.61
2021-8-20 0:6:21,61.42,61.21,61.18,60.42,60.40,60.87,60.78,61.56,61.49,61.49,61.74,61.37,61.85,61.98,61.65,61.80,61.82,62.09,62.32,62.62
2021-8-20 0:6:22,63.24,63.26,62.90,62.08,61.15,60.13,59.84,59.87,59.96,60.02,59.99,60.37,60.50,60.60,60.39,60.20,59.34,59.52,59.56,59.17
2021-8-20 0:6:23,59.25,58.51,58.54,57.89,58.05,58.91,58.78,59.09,58.51,57.88,57.41,57.68,58.20,58.31,58.51,58.39,58.08,57.78,58.02,58.01,58.16
2021-8-20 0:6:24,58.25,58.21,58.36,57.85,57.89,57.73,57.61,58.03,58.41,58.97,59.20,59.39,59.29,59.46,59.57,59.55,59.60,59.40,59.23,59.51
2021-8-20 0:6:25,59.66,60.09,60.26,60.18,60.27,59.52,59.55,59.37,59.57,59.73,59.69,59.80,59.55,60.11,60.07,60.27,59.93,59.36,59.29,58.72
2021-8-20 0:6:26,59.01,59.05,59.13,59.72,59.39,58.94,58.75,58.66,58.41,58.46,58.88,58.95,59.54,60.07,59.82,59.24,58.62,58.58,58.20,58.52
2021-8-20 0:6:27,58.96,58.59,58.25,57.16,56.93,56.91,57.27,57.73,57.26,57.17,57.18,57.05,57.28,57.65,57.47,57.70,57.47,57.08,56.97,56.69
2021-8-20 0:6:28,56.72,56.74,57.14,57.35,58.20,58.32,57.95,57.92,57.70,57.51,57.30,56.99,56.81,56.73,56.74,57.17,56.79,56.64,56.90,56.64
2021-8-20 0:6:29,56.84,56.99,56.64,56.59,56.30,56.34,56.39,56.14,55.65,55.22,55.36,55.42,55.51,55.44,55.17,54.95,54.89,54.96,54.67,55.00,55.01
2021-8-20 0:6:30,54.92,55.20,55.06,55.41,56.50,56.40,56.83,57.34,56.81,57.00,58.39,58.43,59.12,61.39,61.07,62.41,63.45,62.17,61.01,60.99
2021-8-20 0:6:31,60.41,59.73,60.16,59.15,58.93,59.78,59.16,58.52,58.00,57.46,57.78,57.31,56.66,55.78,55.90,55.94,55.84,56.15,55.30,55.11
2021-8-20 0:6:32,55.06,54.95,55.39,55.69,55.90,56.00,55.71,55.79,55.33,55.21,55.15,54.95,55.03,55.14,55.90,56.22,56.14,55.74,55.37,55.11
2021-8-20 0:6:33,55.00,55.03,54.59,54.80,54.99,55.35,55.62,55.28,55.39,55.22,55.02,55.27,55.13,55.27,55.77,55.45,55.82,55.65,55.26,55.73
2021-8-20 0:6:34,55.07,54.73,54.81,54.29,54.42,54.38,54.24,54.53,54.83,54.93,54.77,54.88,54.53,55.05,55.24,55.08,55.31,55.31,55.47,55.71
2021-8-20 0:6:35,55.34,54.83,54.71,54.36,54.88,55.38,55.61,55.47,55.20,55.15,54.88,55.14,55.27,55.45,55.86,55.64,55.49,54.56,54.20,54.39
2021-8-20 0:6:36,54.74,55.41,55.22,54.93,54.41,54.47,54.64,54.87,55.09,54.86,55.22,55.56,55.84,56.17,56.00,55.77,55.78,55.19,55.07,54.83
2021-8-20 0:6:37,54.84,55.26,55.27,55.50,55.54,55.34,55.54,55.90,55.60,55.82,55.51,55.31,55.42,55.22,55.49,55.14,55.30,55.75,55.57,56.05
2021-8-20 0:6:38,56.06,55.94,56.07,55.64,55.62,55.68,55.70,55.84,55.67,55.35,55.40,55.40,55.76,55.66,55.44,55.42,55.11,55.51,55.58,55.51,55.81
2021-8-20 0:6:39,55.69,55.92,55.84,55.96,55.69,55.91,56.30,55.63,55.93,55.50,55.25,55.75,55.70,55.82,55.76,55.50,55.25,55.27,55.40,55.47
2021-8-20 0:6:40,55.70,55.44,55.47,55.61,55.58,55.76,55.90,55.59,55.29,55.09,55.10,55.43,55.73,55.88,55.33,55.16,55.26,55.23,55.42,55.32
2021-8-20 0:6:41,55.11,55.36,55.81,55.99,55.79,55.33,55.61,55.46,55.87,56.26,55.47,55.57,55.16,55.01,55.29,55.50,55.59,55.67,55.94,55.63,55.91
2021-8-20 0:6:42,55.92,55.46,55.42,55.36,55.41,55.43,55.42,55.35,54.98,55.35,55.53,55.82,56.14,55.87,55.70,55.48,55.51,55.66,56.07,56.04
2021-8-20 0:6:43,56.09,56.09,55.40,55.38,55.45,55.41,55.26,55.10,55.15,54.93,55.09,55.32,54.69,54.82,55.63,55.63,55.97,55.98,55.77,55.37
2021-8-20 0:6:44,55.12,54.77,54.75,54.92,54.87,54.77,54.54,54.33,54.20,54.55,54.56,54.63,55.15,55.02,55.20,55.76,55.42
2021-8-20 0:6:45,55.79,55.72,55.54,55.67,55.49,55.01,55.11,55.14,54.98,55.25,55.01,55.02,55.18,55.21,55.66,56.06,56.05,56.27,56.12,55.84
2021-8-20 0:6:46,55.96,55.77,55.67,55.51,55.58,55.56,55.68,56.22,56.05,56.06,55.76,55.38,55.43,55.56,55.51,55.48,55.86,55.96,56.01,55.96
2021-8-20 0:6:47,55.73,55.41,55.61,55.56,55.60,55.82,55.89,55.99,55.85,55.90,55.72,55.80,55.41,54.94,54.93,55.09,55.45,55.99,55.93,55.91
2021-8-20 0:6:48,56.21,56.22,56.66,56.24,56.20,56.24,55.49,55.98,55.85,55.81,56.43,56.24,56.15,56.28,56.24,56.51,56.46,56.11,56.16,55.66
2021-8-20 0:6:49,56.14,56.28,56.32,56.67,56.47,56.20,55.85,55.91,55.88,56.36,56.39,56.06,56.25,56.00,56.49,56.90,56.82,57.07,56.86,57.22,57.38
2021-8-20 0:6:50,57.34,57.72,57.47,57.22,57.70,57.29,57.17,57.19,56.74,56.70,56.52,56.32,56.17,56.39,56.63,56.86,57.49,57.35,57.34,57.61
2021-8-20 0:6:51,57.09,57.06,56.69,56.27,56.54,56.93,56.87,57.21,56.87,56.67,56.93,56.48,56.15,56.16,56.43,56.52,56.94,56.57,56.08,55.80
2021-8-20 0:6:52,55.85,56.16,56.29,56.77,56.82,56.76,57.05,57.14,57.21,56.99,57.18,56.60,56.64,56.92,56.71,57.18,57.18,57.02,56.86,56.60,56.53
2021-8-20 0:6:53,56.65,56.91,56.99,56.96,57.06,56.80,56.96,56.92,56.95,56.77,56.37,56.47,55.89,56.39,56.84,56.47,56.77,56.12,55.97,56.29
2021-8-20 0:6:54,56.54,56.88,56.92,56.60,56.00,56.01,55.89,56.10,56.53,56.45,56.67,56.76,56.61,57.13,57.01,56.95,56.95,56.63,56.53,56.44
2021-8-20 0:6:55,56.36,56.20,55.95,55.99,56.25,56.54,56.81,56.56,56.65,56.27,56.62,57.08,57.06,57.56,57.43,57.73,58.04,57.76,57.69,57.35
2021-8-20 0:6:56,56.80,57.01,56.73,56.77,56.99,56.71,57.35,57.71,58.21,58.81,58.92,59.45,59.86,60.11,60.06,60.02,59.74,59.65,60.18,60.02
2021-8-20 0:6:57,59.95,59.78,59.62,59.50,59.99,60.70,61.27,62.26,62.20,61.63,60.80,59.62,58.68,58.27,58.40,58.53,58.95,59.35,59.66,59.87
2021-8-20 0:6:58,60.77,61.31,62.35,63.68,63.83,63.63,62.17,60.32,59.20,59.25,59.36,59.84,61.68,62.39,61.97,61.56,59.94,59.23,61.23,62.55
2021-8-20 0:6:59,62.32,61.82,59.79,58.74,60.52,61.42,61.68,61.73,60.17,59.52,61.27,62.53,62.39,62.17,60.43,60.07,60.56,60.05,59.66,59.61
2021-8-20 0:7:0,60.04,60.40,60.86,60.01,61.04,61.19,61.11,60.87,60.58,60.44,60.40,60.87,60.50,61.08,61.14,60.53,59.95,60.78,60.92,60.83
2021-8-20 0:7:1,60.16,60.59,60.64,60.95,60.89,60.24,61.04,61.11,60.76,59.93,60.52,61.86,61.79,61.61,60.20,59.88,61.68,61.65,61.39,60.49
2021-8-20 0:7:2,59.94,61.40,62.57,62.19,61.67,61.01,61.26,62.91,62.97,61.99,61.24,61.00,61.99,61.91,61.50,61.25,60.62,62.49,62.28,61.67
2021-8-20 0:7:3,61.11,60.82,61.55,61.58,61.80,60.90,61.80,61.60,61.56,61.30,61.27,61.89,61.61,61.56,60.49,61.21,61.22,61.20,61.38,61.48
2021-8-20 0:7:4,62.00,62.05,61.56,61.06,62.35,61.98,61.78,61.01,60.77,61.51,61.70,61.24,60.86,61.17,60.80,61.00,60.05,61.19,61.75,61.42
2021-8-20 0:7:5,60.92,59.40,60.38,60.36,60.39,59.84,60.31,61.00,61.21,61.33,60.36,61.67,61.86,61.56,61.05,61.12,61.06,61.31,61.22,59.66,60.94
2021-8-20 0:7:6,61.80,61.35,61.38,60.14,60.43,62.29,61.83,61.74,60.90,60.34,61.46,61.63,61.14,60.59,61.50,60.98,60.72,60.42,60.12,61.38
2021-8-20 0:7:7,62.17,62.07,61.48,62.23,64.81,66.80,69.10,70.44,70.24,71.58,70.82,70.98,72.24,71.83,72.28,72.70,72.40,72.48,73.11,73.28
2021-8-20 0:7:8,72.86,74.00,75.08,75.15,75.70,75.81,74.91,74.82,74.82,75.23,75.42,75.35,75.99,75.16,74.85,75.16,74.12,74.06,74.11,73.83,73.63
2021-8-20 0:7:10,73.52,74.03,74.17,74.85,75.08,75.51,76.02,76.09,75.76,75.48,74.99,75.17,75.40,74.75,74.00,73.55,72.66,72.15,72.31,71.85
2021-8-20 0:7:11,72.48,73.17,73.44,73.69,73.56,73.04,72.72,72.64,72.74,72.85,72.90,72.80,73.48,73.29,72.50,71.86,70.33
2021-8-20 0:7:12,69.97,70.28,70.99,71.37,71.46,72.20,71.84,72.30,72.73,72.46,72.67,72.38,72.89,72.87,73.04,73.21,73.32,73.42,73.51,73.46
2021-8-20 0:7:13,73.13,72.86,72.76,72.13,71.70,71.10,70.61,70.57,69.84,69.54,68.69,68.16,67.91,67.57,67.60,67.60,67.15,67.73,67.36,66.84,67.12
2021-8-20 0:7:14,66.65,66.61,66.99,66.66,66.33,66.26,65.90,65.71,66.28,66.30,66.41,67.39,68.25,68.48,68.63,68.27,68.33,69.17,69.22,69.08
2021-8-20 0:7:15,67.39,66.16,67.07,67.60,69.37,70.64,70.29,70.28,69.21,68.22,67.31,66.91,66.91,67.11,67.43,66.89,66.38,66.55,67.24,67.56
2021-8-20 0:7:16,68.95,68.51,68.60,68.72,68.87,69.72,70.18,70.56,69.42,69.26,68.62,67.93,67.80,67.56,67.06,67.40,67.26,67.18,66.83,66.53
2021-8-20 0:7:17,67.02,66.99,67.35,67.61,67.56,67.25,67.54,67.67,67.51,67.92,67.30,66.77,66.28,66.04,66.19,66.19,66.34,66.28,66.60,66.89
2021-8-20 0:7:18,66.81,67.00,66.45,66.83,67.42,67.40,68.35,68.04,67.41,67.47,66.97,67.22,67.85,67.92,68.06,68.00,67.90,67.47,67.35,67.64
2021-8-20 0:7:19,67.75,67.87,67.86,67.69,67.84,68.46,69.37,69.24,69.21,69.73,69.32,69.49,70.21,69.80,69.63,69.16,68.85,68.63,68.95,70.67
2021-8-20 0:7:20,71.01,71.06,71.20,69.99,69.41,68.98,68.54,68.64,68.52,68.60,68.53,68.28,67.45,67.39,66.71,66.89,67.71,67.81,68.45,68.41,68.10
2021-8-20 0:7:21,68.17,67.96,67.79,67.69,67.25,66.89,67.16,67.05,67.12,67.02,66.11,66.43,66.53,67.09,67.76,67.78,68.17,68.31,68.84,68.97
2021-8-20 0:7:22,69.24,68.85,68.03,67.70,67.57,67.27,67.55,67.89,67.51,67.74,67.65,67.37,67.74,67.90,67.45,67.50,66.99,66.68,66.78,66.17
2021-8-20 0:7:23,65.97,66.08,65.72,65.50,65.28,64.76,64.49,64.45,64.37,64.08,64.34,64.22,64.10,63.69,63.32,63.11,63.02,63.16,62.88,63.10
2021-8-20 0:7:24,62.55,62.82,63.35,63.13,63.40,63.25,63.07,62.49,62.48,62.42,62.30,62.53,62.32,62.42,62.11,62.54,62.54,62.60,62.62,62.52
2021-8-20 0:7:25,62.61,62.23,62.01,62.05,62.09,62.35,62.59,62.57,62.31,62.32,62.65,62.77,63.12,63.18,62.95,62.91,63.11,63.52,63.41,63.85
2021-8-20 0:7:26,64.07,64.34,64.90,64.49,64.58,64.98,65.26,65.79,66.14,65.81,66.05,66.05,65.99,65.92,66.05,65.55,65.82,65.47,65.44,66.54
2021-8-20 0:7:27,66.40,67.35,67.72,67.80,68.21,68.17,68.10,68.20,68.02,67.61,67.09,67.33,67.32,67.76,67.83,67.02,67.00,66.96,67.47,67.54
2021-8-20 0:7:28,67.34,67.49,67.17,67.35,68.18,68.11,68.17,68.14,68.06,68.25,68.59,68.79,68.68,68.44,68.65,68.84,68.54,68.77,69.24,68.88
2021-8-20 0:7:29,69.93,70.01,69.67,70.46,70.12,70.57,70.18,69.36,69.53,69.66,69.77,70.44,69.82,70.22,69.92,69.50,69.49,68.10,68.70,68.05
2021-8-20 0:7:30,68.22,67.78,66.89,67.30,66.74,66.99,66.91,66.52,66.32,65.78,65.79,65.81,65.25,64.78,64.79,64.54,64.60,65.08,64.68,64.55
2021-8-20 0:7:31,64.80,65.19,65.61,65.53,64.83,64.05,63.65,63.37,63.64,63.35,63.02,63.19,62.94,63.12,63.46,63.74,64.04,64.16,63.96,63.70
2021-8-20 0:7:32,63.52,63.80,63.91,64.12,64.61,64.21,63.91,63.54,63.62,64.52,65.13,65.14,64.96,64.46,64.75,65.96,66.50,67.51,68.17,68.24
2021-8-20 0:7:33,68.94,68.69,68.80,69.30,69.81,70.60,70.81,71.17,71.34,71.74,72.31,72.35,72.56,72.77,72.90,73.20,73.28,73.05,72.62,72.23
2021-8-20 0:7:34,71.81,71.15,70.46,69.56,68.62,68.29,68.47,68.37,68.24,68.24,68.49,68.78,69.39,69.78,69.34,69.39,69.43,70.01,70.63,71.13
2021-8-20 0:7:35,71.42,71.00,70.95,71.80,72.30,73.62,74.32,74.22,74.35,73.69,73.75,73.63,73.01,72.65,71.97,70.92,70.46,69.40,69.17,69.29
2021-8-20 0:7:36,69.30,69.80,69.50,69.84,70.21,70.56,71.27,71.12,71.10,70.69,70.23,69.94,69.47,69.72,68.65,68.54,68.25,68.17
2021-8-20 0:7:37,68.66,68.71,68.94,68.65,68.51,68.13,67.80,67.53,67.25,67.17,67.20,67.49,68.02,68.11,67.74,67.42,67.22,67.33,67.45,67.53
2021-8-20 0:7:38,67.11,67.14,67.14,66.59,66.96,66.59,66.42,66.48,66.81,67.00,67.46,67.96,68.23,68.39,68.51,68.23,67.75,67.59,67.82,68.41
2021-8-20 0:7:39,68.73,68.88,68.39,68.02,67.87,67.83,67.74,67.97,67.34,66.96,66.50,65.69,65.88,65.54,65.37,65.22,64.61,64.56,64.95,65.26
2021-8-20 0:7:40,65.59,65.28,64.55,63.77,63.82,63.93,64.49,65.13,64.40,64.53,64.98,64.39,64.92,65.29,65.16,65.58,65.14,64.48,64.02,64.10
2021-8-20 0:7:41,64.42,64.73,64.83,64.81,64.82,65.21,65.44,65.45,65.65,65.37,64.98,65.25,65.28,64.98,65.27,64.99,64.44,64.57,64.46,63.93
2021-8-20 0:7:42,64.20,63.88,63.57,63.68,63.38,63.14,62.56,62.51,62.48,62.25,62.63,62.56,62.12,62.14,61.83,61.75,62.17,62.58,62.18,62.62
2021-8-20 0:7:43,62.45,61.79,62.24,62.27,62.12,62.85,62.91,62.53,62.83,62.19,62.68,62.94,62.59,62.54,62.22,62.13,62.99,63.74,63.93,63.95
2021-8-20 0:7:44,63.56,63.31,63.53,63.02,62.91,63.26,62.92,63.67,63.53,63.56,63.47,63.42,63.60,64.07,63.72,63.91,64.31,64.06,64.30,63.87
2021-8-20 0:7:45,63.44,62.72,62.63,62.75,62.95,63.73,63.90,63.42,63.06,62.22,62.19,62.89,63.23,63.70,63.56,63.37,63.17,62.53,62.61,62.71
2021-8-20 0:7:46,62.62,62.76,62.53,62.21,61.82,61.83,61.73,61.24,61.03,60.70,60.72,61.11,61.63,61.55,62.16,61.82,62.13,62.37,61.99,62.20,61.18
2021-8-20 0:7:47,60.93,61.30,61.19,62.07,62.54,62.65,62.82,62.62,62.52,62.30,61.53,61.39,61.01,60.55,61.09,61.14,61.11,61.20,61.10,61.34,61.64
2021-8-20 0:7:48,61.77,62.11,61.67,61.54,61.39,60.84,61.10,61.62,61.98,62.38,62.44,62.49,62.49,62.87,63.10,63.57,63.51,63.52,63.75,64.15
2021-8-20 0:7:49,64.29,64.96,65.35,65.04,65.47,65.42,65.81,65.88,66.10,66.18,66.09,66.09,66.63,66.87,67.11,67.64,67.54,67.93,67.94,68.14
2021-8-20 0:7:50,68.23,68.19,68.29,68.63,69.21,69.73,70.42,70.88,70.84,71.42,71.71,71.90,72.56,72.87,73.59,74.06,74.92,75.35,75.96,77.00
2021-8-20 0:7:51,77.75,78.58,79.43,80.23,81.14,81.86,82.40,82.93,83.01,83.45,83.57,83.76,84.03,83.96,83.83,83.26,82.06,81.02,79.66,78.42
2021-8-20 0:7:52,77.26,75.68,74.53,73.13,72.06,71.16,69.95,69.15,68.60,68.37,68.27,68.24,67.71,67.27,67.25,66.55,66.53,66.48,66.23,66.14
2021-8-20 0:7:53,65.86,65.39,64.82,64.54,64.18,64.04,63.85,63.63,63.35,63.15,63.15,63.09,63.10,62.89,62.51,62.57,62.58,62.50,62.52,62.16
2021-8-20 0:7:54,61.84,61.81,61.70,61.79,61.99,61.91,61.92,61.94,61.74,61.57,61.54,61.46,61.62,61.55,61.81,61.71,61.34,61.07,60.18,59.99
2021-8-20 0:7:55,59.59,59.76,59.88,59.75,60.09,59.92,59.93,59.90,59.53,59.15,59.12,58.68,58.41,58.40,58.21,58.57,58.49,58.26,58.18,57.76
2021-8-20 0:7:56,57.81,58.14,57.99,58.21,58.50,58.28,58.26,57.89,57.73,57.38,57.01,56.77,56.22,56.30,56.42,56.85,57.04,57.19,57.47,57.08
2021-8-20 0:7:57,57.13,57.26,56.61,56.50,56.47,55.97,56.12,56.27,56.12,56.15,56.52,56.44,56.33,56.36,55.76,55.59,55.65,55.92,56.21,56.26,56.20
2021-8-20 0:7:58,55.83,55.61,55.41,55.47,55.42,55.73,55.98,55.83,55.67,55.34,55.37,55.48,55.49,55.92,56.04,56.26,56.65,56.43,56.31,56.20
2021-8-20 0:7:59,56.34,56.29,56.14,56.33,55.88,55.75,55.73,55.61,55.87,56.35,56.45,56.26,56.53,56.20,56.40,56.41,55.94,55.90,55.75,55.69
2021-8-20 0:8:0,56.31,56.29,55.98,56.25,55.79,55.91,56.31,55.69,55.79,56.00,56.13,56.54,56.66,56.77,56.61,56.36,56.18,55.81,55.79,56.05,55.47
2021-8-20 0:8:1,55.26,55.02,55.02,55.49,55.72,55.69,55.88,55.79,55.75,55.82,55.80,55.73,55.51,55.69,55.68,55.96,56.02,55.96
2021-8-20 0:8:2,55.95,55.63,55.28,54.78,54.50,54.80,54.55,54.40,54.36,54.03,54.65,55.08,55.10,54.92,55.22,55.31,55.10,55.34,54.79,54.93
2021-8-20 0:8:3,55.31,55.01,55.46,55.63,55.32,55.60,55.40,55.05,54.77,54.38,54.29,54.49,54.37,54.31,53.76,53.45,53.66,54.15,54.21,53.92
2021-8-20 0:8:4,54.46,54.22,54.52,54.61,54.55,54.62,54.77,55.15,54.91,54.78,54.57,54.28,54.05,53.83,54.13,53.96,53.71,53.65,53.76,54.04,54.21
2021-8-20 0:8:5,54.59,54.15,54.11,54.54,54.36,54.40,54.11,54.34,54.21,54.60,55.10,54.88,55.54,55.56,55.11,54.69,54.47,54.25,54.52,54.64
2021-8-20 0:8:6,54.37,54.30,54.27,54.46,54.62,54.12,54.14,53.91,53.56,53.99,54.09,54.37,54.63,54.88,54.85,54.74,54.68,54.73,54.61,54.68
2021-8-20 0:8:7,54.86,55.12,55.31,55.04,55.35,55.13,54.80,54.63,54.52,54.37,54.44,54.95,54.61,54.49,55.02,55.18,55.34,55.56,55.56,55.63
2021-8-20 0:8:8,55.92,56.18,56.08,56.23,56.41,56.85,56.93,56.77,56.93,56.54,56.86,57.27,57.46,57.79,58.03,57.89,57.59,57.68,58.17,59.42
2021-8-20 0:8:9,59.95,60.09,60.15,59.60,60.04,60.47,60.20,60.27,59.98,59.79,59.87,59.67,60.11,60.48,60.70,61.29,61.21,61.42,61.42,60.92
2021-8-20 0:8:10,60.91,60.30,59.14,59.11,58.69,58.34,58.95,58.51,58.39,58.33,58.23,58.51,58.27,58.37,58.49,58.85,58.93,59.05,59.47,59.00
2021-8-20 0:8:11,59.43,59.61,59.88,60.45,60.76,61.00,60.78,60.60,61.02,61.23,61.30,61.62,61.52,61.77,62.02,61.87,62.13,62.14,62.21,62.81
2021-8-20 0:8:12,62.98,63.32,63.35,63.66,63.47,63.19,62.95,61.89,61.67,61.48,61.63,62.20,62.03,62.47,62.72,62.63,62.70,62.97,62.94,63.16
2021-8-20 0:8:13,63.53,63.52,63.97,64.82,64.90,65.14,65.19,64.87,64.90,64.31,64.11,63.10,62.74,62.27,61.71,62.40,62.41,62.57,62.59,62.19
2021-8-20 0:8:14,61.90,62.11,62.15,62.20,62.66,62.74,62.54,62.75,62.71,62.20,62.40,61.80,61.45,61.38,61.36,61.66,61.48,61.92,61.82,61.81
2021-8-20 0:8:15,62.02,62.21,62.49,62.53,62.90,62.48,62.07,61.57,60.88,60.93,60.48,60.65,61.12,60.90,61.10,61.06,60.98,61.04,61.26,60.98
2021-8-20 0:8:16,60.95,61.27,61.30,61.65,61.45,60.95,61.25,61.25,61.89,62.25,62.32,62.59,62.24,62.76,62.52,62.64,62.72,62.24,62.56,62.27,62.05
2021-8-20 0:8:17,62.51,62.60,62.75,63.22,63.18,63.91,64.44,65.19,65.42,64.91,64.67,63.86,63.77,63.98,64.18,63.92,63.91,63.56,64.08,64.22
2021-8-20 0:8:18,64.14,64.07,63.84,63.88,64.37,64.45,64.57,65.10,64.33,64.32,63.33,62.91,63.20,63.01,63.12,63.31,63.22,63.22,63.16,62.70
2021-8-20 0:8:19,62.32,62.52,62.86,62.89,63.11,63.05,62.96,63.21,63.52,63.29,63.52,63.73,63.55,64.21,63.85,63.42,63.49,62.47,62.44,61.79
2021-8-20 0:8:20,61.76,62.59,63.11,63.43,62.83,62.97,62.56,62.73,62.83,62.33,62.46,62.65,62.71,62.86,63.03,62.96,63.59,63.71,64.15,64.67
2021-8-20 0:8:21,64.35,64.35,64.37,65.47,66.07,66.73,66.56,66.40,67.06,67.13,68.47,68.41,68.42,69.16,68.66,69.10,69.26,69.46,70.21,70.56
2021-8-20 0:8:22,71.09,71.15,71.16,71.95,72.00,71.95,72.21,71.66,71.03,71.74,71.52,70.55,70.60,69.28,68.93,69.16,69.94,70.36,70.27,70.43
2021-8-20 0:8:23,69.80,69.91,69.88,69.57,69.10,68.25,68.35,68.47,68.57,69.43,69.16,68.89,68.79,67.98,67.37,67.56,67.57,67.34,67.12,66.46
2021-8-20 0:8:24,66.48,66.52,67.04,67.19,66.82,67.00,66.84,66.81,67.17,67.10,67.29,67.43,67.29,67.33,66.94,66.87,66.39,66.28,66.31,66.42,67.13
2021-8-20 0:8:25,67.35,68.48,68.89,69.64,69.99,69.26,69.16,68.96,69.32,70.08,70.61,70.78,71.28,71.34,72.14,72.89,73.07,73.65,73.55,73.78
2021-8-20 0:8:26,73.68,73.35,73.68,73.32,73.23,73.53,73.01,72.40,72.26,71.41,71.31,71.02,70.97,71.05,70.95,71.30,71.41,71.63,71.41,71.59
2021-8-20 0:8:27,71.84,72.27,72.78,73.75,75.09,75.37,75.78,74.98,74.75,74.75,74.75,75.39,75.09,75.69,76.45,76.86,77.26,77.80,78.07
2021-8-20 0:8:28,78.55,78.33,78.53,78.20,77.90,77.44,76.01,75.36,73.84,73.13,72.89,72.22,71.96,71.28,71.45,71.53,71.89,72.61,72.54,72.86
2021-8-20 0:8:29,72.53,72.42,71.83,71.26,71.42,70.63,70.41,70.31,69.91,70.64,70.72,71.11,71.01,69.95,69.14,68.69,68.32,67.66,68.22,67.33
2021-8-20 0:8:30,66.88,67.00,66.51,66.55,66.43,67.00,66.35,65.63,65.91,64.93,64.51,64.68,64.25,63.93,63.81,62.98,62.81,62.70,62.54,62.46
2021-8-20 0:8:31,61.89,61.57,61.65,61.75,62.25,62.76,62.22,61.99,61.11,60.64,60.73,61.04,61.54,61.68,62.08,61.65,61.08,61.05,60.90,60.92
2021-8-20 0:8:32,61.53,61.68,61.58,61.89,61.53,61.30,61.05,60.70,60.66,61.30,61.32,61.60,61.64,61.56,62.11,62.18,62.45,61.98,61.99,61.99
2021-8-20 0:8:33,61.96,62.30,62.40,62.75,63.10,63.41,63.52,63.38,63.36,63.37,63.50,63.34,63.06,62.66,63.38,63.76,64.30,64.87,63.96,64.16
2021-8-20 0:8:34,64.12,63.82,63.55,62.97,62.39,61.41,61.13,60.99,60.75,61.18,61.09,60.71,60.59,60.48,60.33,60.58,60.39,60.40,60.46,60.44
2021-8-20 0:8:35,60.75,60.74,60.55,60.66,60.71,60.87,60.92,60.65,60.32,59.90,59.97,59.90,59.95,59.69,59.55,59.57,59.27,59.10,58.88,58.54
2021-8-20 0:8:36,58.60,58.92,58.82,58.72,58.76,58.92,59.33,59.05,58.95,58.91,58.34,59.12,58.78,58.89,59.16,58.99,59.45,59.76,59.51,59.52
2021-8-20 0:8:37,59.43,58.87,59.36,59.10,59.32,59.08,59.51,59.91,59.84,60.63,60.30,59.88,59.99,59.78,59.84,60.29,60.19,59.55,59.34,59.51
2021-8-20 0:8:38,59.70,59.77,59.94,59.32,59.59,60.24,59.90,60.02,59.32,58.83,59.43,59.86,60.78,60.75,60.79,60.79,60.55,61.02,61.42,61.56
2021-8-20 0:8:39,61.37,61.21,60.59,60.39,60.72,60.83,61.18,61.43,60.67,60.73,60.74,61.03,61.59,61.56,61.23,60.85,60.54,60.21,59.85,59.37
2021-8-20 0:8:40,59.59,59.65,59.56,59.08,58.54,58.63,58.79,59.06,58.69,58.77,58.38,58.29,59.20,58.97,59.00,59.19,58.94,58.62,58.80,58.82
2021-8-20 0:8:41,58.68,58.67,58.50,58.44,58.28,58.66,58.97,58.91,58.77,58.42,58.25,58.02,58.41,58.67,58.92,59.49,59.48,59.42,59.43,59.59
2021-8-20 0:8:42,59.48,59.97,60.15,60.34,61.36,61.77,62.21,62.22,61.04,60.81,60.72,61.09,62.12,62.47,62.79,63.47,63.70,63.77,64.31,64.13
2021-8-20 0:8:43,64.46,64.91,64.68,64.42,63.71,62.88,61.74,60.81,60.19,60.08,60.36,60.34,60.72,60.09,60.38,60.53,60.67,61.32,61.39,61.43
2021-8-20 0:8:44,61.26,60.90,59.90,59.77,58.97,59.20,59.44,58.97,58.91,58.13,58.15,58.26,58.56,58.80,58.90,58.91,59.02,59.05,58.80,58.94
2021-8-20 0:8:45,59.20,59.11,58.49,58.53,58.47,58.67,59.61,59.40,58.77,58.56,58.22,58.29,58.68,58.88,59.06,58.82,58.42,58.08,58.02,58.02
2021-8-20 0:8:46,58.10,57.87,56.87,56.82,56.38,56.47,56.83,56.99,57.15,56.91,57.66,57.68,57.88,58.43,58.17,58.15,58.37,58.35,58.58,58.59,58.56
2021-8-20 0:8:47,58.60,58.52,58.76,58.67,59.06,59.07,59.57,60.05,59.82,60.34,60.50,60.41,60.33,60.20,59.74,59.63,59.89,59.88,60.25,60.41
2021-8-20 0:8:48,60.85,61.14,61.26,62.26,62.28,62.40,62.65,62.68,62.84,63.08,62.67,61.99,61.73,61.26,61.25,60.56,60.52,60.39,59.81,59.77
2021-8-20 0:8:49,59.15,59.15,59.01,59.20,59.00,58.55,58.52,58.39,58.28,57.55,57.81,57.58,58.12,58.59,58.34,58.86,58.50,58.93,58.97,59.05
2021-8-20 0:8:50,58.94,58.53,58.81,58.50,58.55,58.66,58.17,58.14,58.00,58.56,59.22,59.40,59.88,60.20,60.15,60.66,60.86,60.23,60.79,60.80
2021-8-20 0:8:51,60.81,61.43,61.53,62.30,63.06,63.19,63.56,63.51,63.64,64.05,63.72,63.83,64.27,64.43,65.43,65.53,65.89,66.27,65.89,66.03
2021-8-20 0:8:52,65.66,65.38,65.16,65.27,64.88,64.32,64.38,64.27,64.34,64.72,64.55,64.23,64.26,63.89,63.66,63.15,62.73,62.90,62.48,62.85
2021-8-20 0:8:53,62.61,61.83,62.36,61.85,61.36,61.61,61.03,61.42,62.22,62.34,62.81,64.40,65.60,66.48,66.63,65.42,64.38,63.55,63.10,61.68,61.12
2021-8-20 0:8:54,60.34,59.58,59.85,59.29,59.26,59.10,58.62,58.26,58.04,57.92,57.63,57.43,57.44,57.63,57.42,57.47,57.56,57.60,58.54,58.65
2021-8-20 0:8:55,58.43,57.94,57.29,57.34,57.66,57.96,57.78,58.35,58.31,58.73,58.98,58.19,58.08,57.65,58.06,58.26,58.09,57.91,57.33,57.46
2021-8-20 0:8:56,57.47,57.65,58.28,58.40,58.61,58.73,58.12,57.66,57.20,56.84,56.76,57.02,57.57,58.08,58.48,58.37,58.37,58.35,58.26,58.22,58.40
2021-8-20 0:8:57,58.19,58.31,58.04,57.82,57.54,57.36,58.01,57.53,58.20,58.33,57.95,57.89,57.22,56.88,57.12,57.38,57.27,57.94,57.67,57.89
2021-8-20 0:8:58,58.05,57.33,57.23,57.11,57.16,57.63,57.69,58.05,58.09,57.72,57.65,57.26,57.50,57.84,58.20,58.19,58.29,58.30,58.61,58.67
2021-8-20 0:8:59,58.52,59.19,59.37,59.91,60.66,60.35,60.49,61.12,61.13,61.08,61.14,60.97,61.19,61.87,62.18,62.41,62.40,62.55,62.76,63.32
2021-8-20 0:9:0,63.71,63.86,64.08,63.32,62.92,63.22,62.94,63.63,64.07,63.73,63.81,62.93,62.47,61.68,61.06,60.98,60.37,59.96,59.43,59.21
2021-8-20 0:9:1,59.22,59.17,59.17,59.01,59.15,59.20,59.58,59.49,59.36,59.29,59.11,59.80,59.85,60.02,59.89,59.22,58.74,58.39,58.89,58.32
2021-8-20 0:9:2,58.77,58.99,58.36,58.59,58.02,57.29,57.17,57.12,57.20,57.39,57.35,57.09,57.14,57.50,57.47,57.94,58.21,57.91,57.54,57.12
2021-8-20 0:9:3,56.81,57.04,57.48,57.96,57.81,57.86,57.85,57.77,57.64,57.27,57.31,57.05,57.20,57.37,57.56,57.41,57.15,57.62,56.94,56.96
2021-8-20 0:9:4,57.36,56.90,57.32,57.67,57.91,57.74,57.19,57.53,57.06,57.18,57.68,57.59,57.95,58.21,58.49,58.04,57.40,57.00,57.14,56.94
2021-8-20 0:9:5,57.07,57.46,57.03,57.05,57.18,57.07,57.14,57.11,56.79,56.72,56.64,57.12,57.56,57.70,57.37,57.22,57.57,57.55,57.58,57.10,56.96
2021-8-20 0:9:6,56.69,56.65,57.18,57.01,57.06,56.97,57.07,57.24,57.34,57.61,57.95,57.86,57.91,58.34,58.05,57.84,57.86,57.78,57.39,57.71
2021-8-20 0:9:7,57.62,57.72,57.79,57.73,58.18,57.59,57.63,57.57,57.01,57.37,56.97,57.02,57.28,57.23,57.97,57.40,57.29,57.59,56.93,57.11
2021-8-20 0:9:8,56.89,56.55,56.56,57.00,57.06,57.23,57.28,56.83,56.76,56.50,56.53,56.59,56.69,56.62,56.52,56.51,57.11,57.22,57.68,57.98,57.57
2021-8-20 0:9:10,57.33,57.15,57.48,57.12,57.41,57.60,57.22,57.37,57.28,57.17,56.94,56.93,57.25,57.03,56.91,57.03,57.50,57.80,58.61,59.06
2021-8-20 0:9:11,59.06,58.94,58.88,58.99,58.55,58.72,58.54,59.10,58.51,58.47,59.08,58.04,58.51,57.87,58.19,58.80,58.70,59.71,59.75,59.04,59.16
2021-8-20 0:9:12,59.24,58.13,58.14,58.10,57.54,57.26,57.39,57.58,57.75,58.09,58.19,58.70,58.57,58.86,58.77,58.58,58.46,58.44,58.89,59.11
2021-8-20 0:9:13,59.59,59.68,59.15,60.54,61.08,61.09,61.16,59.02,58.54,58.53,59.30,59.73,59.59,59.66,59.62,59.65,59.69,59.15,58.30,57.79
2021-8-20 0:9:14,58.00,58.10,58.36,58.46,57.49,57.67,58.77,59.52,59.67,60.05,59.14,58.42,59.16,59.59,59.88,60.10,59.37,57.97,58.15,58.43
2021-8-20 0:9:15,58.38,59.56,58.75,58.31,58.72,58.17,58.47,58.56,59.15,58.99,58.53,59.09,58.58,58.63,59.22,59.40,59.99,60.11,59.78,59.72
2021-8-20 0:9:16,58.67,58.65,58.97,61.22,63.36,63.77,63.89,61.61,59.72,59.52,58.98,58.13,58.70,59.09,59.18,59.43,58.72,58.39,58.78,57.99
2021-8-20 0:9:17,57.96,57.68,57.59,58.21,58.63,58.67,58.06,58.17,57.68,57.04,56.86,56.98,56.76,56.77,57.45,57.30,57.52,57.45,57.28,56.37
2021-8-20 0:9:18,56.34,57.16,57.40,58.27,58.88,58.68,58.42,58.53,58.17,58.02,58.26,58.22,58.77,58.69,58.69,58.83,58.33,58.60
2021-8-20 0:9:19,59.11,58.43,57.95,58.69,58.03,58.14,58.79,58.55,58.94,60.08,60.77,60.27,60.38,60.45,59.31,59.32,59.28,59.13,59.78,59.89
2021-8-20 0:9:20,59.55,59.01,59.27,60.26,60.07,60.85,61.02,59.66,59.92,59.06,59.51,59.79,59.37,59.60,58.46,58.87,59.42,59.25,59.23,58.45
2021-8-20 0:9:21,58.46,58.14,57.90,58.96,59.04,59.27,59.85,59.36,58.43,59.05,59.13,58.33,59.40,59.35,59.63,60.87,61.04,61.84,62.79,64.09
2021-8-20 0:9:22,64.66,63.41,62.14,60.60,60.57,61.32,63.03,64.81,66.50,67.79,67.80,66.15,64.40,63.94,63.99,64.41,64.82,63.89,62.46,62.86,62.92
2021-8-20 0:9:23,63.20,62.96,62.53,62.45,63.47,64.91,66.14,66.11,65.48,65.58,64.29,63.19,62.13,61.10,61.95,61.87,62.06,61.58,61.02,62.05
2021-8-20 0:9:24,62.53,62.83,61.66,60.50,60.96,61.49,62.36,62.42,61.11,60.94,61.72,62.03,62.12,61.29,60.22,60.99,61.61,62.13,62.08,61.90,62.92
2021-8-20 0:9:25,62.76,62.62,61.89,60.48,61.33,61.58,61.41,61.29,60.28,61.08,62.37,62.63,62.48,61.64,61.70,62.37,62.84,62.84,62.09,62.20
2021-8-20 0:9:26,64.03,66.09,66.13,65.58,65.06,64.27,64.91,66.13,65.73,66.36,66.77,65.33,63.98,62.14,61.19,62.51,64.15,64.96,64.39,63.38
2021-8-20 0:9:27,63.09,62.98,64.13,63.79,63.73,63.95,63.60,63.98,62.70,61.46,61.17,61.81,62.42,62.69,62.18,62.24,63.30,64.52,66.16,66.03,65.78
2021-8-20 0:9:28,65.82,64.72,63.87,63.92,63.22,63.92,64.18,62.94,62.72,61.68,62.28,62.90,62.73,62.49,61.69,62.22,62.57,62.59,62.18,61.15
2021-8-20 0:9:29,61.52,63.20,63.66,64.04,63.78,62.72,63.63,64.49,64.02,63.80,62.87,62.11,63.30,63.07,63.08,62.17,61.10,62.26,62.58,62.68
2021-8-20 0:9:30,62.35,61.52,61.44,62.70,63.53,63.15,62.72,61.54,61.49,62.79,62.89,62.99,61.98,60.73,61.53,61.80,61.78,61.94,61.83,62.47,62.80
2021-8-20 0:9:31,62.78,62.06,61.62,62.45,63.19,63.17,62.36,61.49,61.23,62.47,62.64,62.69,61.52,60.38,61.47,61.49,61.43,61.39,60.76,61.65
2021-8-20 0:9:32,62.89,62.96,62.16,60.78,60.23,61.08,61.36,61.56,61.32,60.43,61.77,62.59,62.53,61.78,60.41,60.42,61.40,61.93,62.20,61.25
2021-8-20 0:9:33,60.72,61.85,62.01,62.09,61.47,60.26,61.03,61.33,61.09,60.77,59.82,60.71,61.52,62.22,62.74,62.24,62.86,63.37,62.72,62.40,61.20
2021-8-20 0:9:34,60.84,62.22,62.53,62.52,61.56,60.15,60.45,62.00,62.77,62.85,62.08,61.45,62.34,62.43,62.01,60.90,59.75,59.92,61.08,61.97
2021-8-20 0:9:35,61.81,61.45,60.83,61.16,61.96,62.16,62.16,61.05,61.06,62.37,62.23,62.46,61.72,60.53,61.58,61.99,61.76,61.54,60.54,61.10
2021-8-20 0:9:36,62.45,62.46,61.72,60.70,60.51,61.19,62.11,61.70,60.73,61.22,61.36,61.64,61.66,61.00,61.76,62.06,61.92,60.86,59.64,60.33
2021-8-20 0:9:37,61.94,62.56,62.48,61.61,60.60,61.73,62.00,61.89,61.36,60.48,61.52,62.83,62.91,62.27,60.96,60.01,60.88,62.34,62.53,62.50
2021-8-20 0:9:38,61.33,60.45,61.16,63.21,67.60,70.16,72.67,73.26,73.15,75.06,76.00,77.61,78.55,78.30,78.36,78.79,78.51,78.80,78.61,78.03
2021-8-20 0:9:39,78.11,77.94,78.35,78.53,77.95,77.46,76.83,76.10,75.50,74.89,74.39,74.06,74.60,74.37,74.29,74.53,73.50,73.58,73.84,73.91
2021-8-20 0:9:40,74.38,74.35,74.19,73.64,73.78,74.03,74.08,74.29,74.05,73.99,73.60,73.37,73.55,72.98,72.79,73.00,72.26,72.26,72.53,72.15
2021-8-20 0:9:41,72.46,72.57,72.63,72.80,72.60,73.20,73.15,72.53,72.52,71.29,70.95,71.80,71.85,71.62,71.60,71.03,70.29,70.37,70.03,69.44
2021-8-20 0:9:42,69.36,69.31,69.00,69.22,69.04,67.95,67.95,68.04,67.76,68.22,67.99,67.10,66.84,66.52,66.41,66.30,66.57,66.94,66.72,66.76
2021-8-20 0:9:43,66.83,66.73,66.74,66.95,67.02,66.82,66.96,66.83,66.71,67.17,67.58,67.46,68.60,68.18,68.02,68.97,68.30,68.72,68.52,68.08
2021-8-20 0:9:44,68.14,68.08,68.15,67.20,66.68,66.83,66.79,67.88,67.99,67.76,67.77,67.93,67.66,67.88,67.64,67.39,67.91
2021-8-20 0:9:45,68.17,68.34,68.42,68.58,68.59,68.58,68.64,68.33,68.40,69.08,69.27,69.80,69.73,69.15,69.30,69.63,69.81,70.50,70.35,70.17
2021-8-20 0:9:46,70.65,71.27,72.02,72.85,73.36,73.54,73.92,74.12,74.59,74.89,75.45,76.05,76.27,76.45,76.55,76.44,76.20,76.20,75.59,74.67
2021-8-20 0:9:47,74.23,73.25,72.54,71.86,70.91,70.34,69.90,69.76,69.33,69.12,68.65,68.49,68.07,67.43,67.74,67.04,67.05,67.25,67.26,67.56,67.81
2021-8-20 0:9:48,67.91,67.55,67.44,67.13,67.41,67.04,66.97,66.98,66.82,67.49,67.73,67.95,67.61,66.88,66.46,65.73,66.02,66.32,66.86,67.62
2021-8-20 0:9:49,67.30,67.29,66.73,66.62,67.08,67.28,67.66,68.20,68.56,68.67,68.74,68.45,68.94,69.00,69.24,69.42,68.72,68.36,68.15,68.44,68.84
2021-8-20 0:9:50,69.49,69.86,70.14,69.77,69.86,70.08,70.03,70.22,70.16,69.95,69.79,69.65,69.12,69.13,69.06,69.52,70.39,71.03,71.32,71.50
2021-8-20 0:9:51,71.15,71.30,72.13,72.52,73.94,74.70,73.85,73.22,72.03,70.51,70.18,70.24,70.26,70.73,71.18,70.56,70.27,69.72,68.69,68.46
2021-8-20 0:9:52,68.06,68.09,68.15,68.36,68.07,67.69,67.46,67.64,67.83,67.46,67.55,66.89,66.88,67.06,67.59,67.57,67.21,67.51,66.98,66.89
2021-8-20 0:9:53,66.88,66.41,66.69,66.87,66.92,67.19,67.02,67.40,67.35,67.65,67.49,67.75,68.56,68.55,69.11,69.36,69.67,70.21,70.54,71.11
2021-8-20 0:9:54,71.77,72.58,73.22,73.60,73.48,73.19,73.07,73.27,73.62,74.24,74.56,73.94,74.50,74.04,74.28,74.79,74.09,74.20,74.30,74.14
2021-8-20 0:9:55,74.50,74.44,74.54,74.61,74.53,74.90,74.87,75.09,74.91,74.78,74.51,74.40,74.46,74.48,74.48,74.50,74.51,73.73,73.61,73.73,73.79
2021-8-20 0:9:56,74.56,74.33,74.36,73.70,73.55,73.41,72.62,72.28,71.34,70.74,69.70,69.35,68.58,68.12,68.52,68.21,68.89,68.85,68.60,68.86
2021-8-20 0:9:57,68.36,68.06,67.69,67.36,67.24,67.43,67.67,67.50,67.41,67.24,66.90,66.92,66.85,66.88,67.08,67.16,67.54,67.81,67.55,67.20
2021-8-20 0:9:58,67.07,66.77,67.37,67.83,67.84,67.77,67.47,66.69,66.68,66.71,66.20,67.19,66.87,66.66,66.79,66.13,65.60,65.24,64.74,64.98
2021-8-20 0:9:59,64.77,65.42,66.09,65.61,65.69,65.43,65.40,65.54,65.89,65.88,65.60,66.08,66.16,66.72,66.81,66.78,67.01,66.10,66.32,66.05
2021-8-20 0:10:0,66.10,66.49,66.57,65.88,65.95,65.74,65.16,65.79,65.12,64.55,64.31,64.25,64.33,64.64,64.96,64.83,65.40,65.94,66.03,66.05
2021-8-20 0:10:1,65.84,65.98,65.90,65.63,65.42,65.17,64.65,65.34,65.33,64.95,65.74,65.24,65.25,65.83,65.75,65.89,66.10,66.15,66.27,66.84
2021-8-20 0:10:2,66.65,66.65,66.85,66.87,67.00,66.97,66.91,66.87,67.56,67.62,67.83,67.39,66.96,66.43,66.59,67.17,67.09,67.53,67.00,66.73
2021-8-20 0:10:3,67.19,68.00,68.41,68.45,68.19,67.60,67.16,67.01,67.42,67.26,67.50,67.53,66.94,66.84,66.71,66.57,66.28,66.71,67.04,66.82
2021-8-20 0:10:4,66.93,65.97,65.57,65.90,66.36,66.66,66.48,66.26,66.13,66.03,66.39,67.22,67.34,67.59,67.63,66.70,66.79,66.92,66.98,67.48
2021-8-20 0:10:5,66.96,66.88,72.29,72.20,73.14,73.72,68.30,68.75,68.70,68.82,69.39,69.16,69.22,69.53,69.23,69.46,69.33,68.83,69.54,70.21
2021-8-20 0:10:6,70.22,70.74,70.63,70.17,70.29,70.70,71.30,71.68,71.92,71.38,70.99,71.01,70.83,70.49,69.49,68.58,67.75,67.04,66.32,66.05,65.74
2021-8-20 0:10:7,66.01,65.95,65.44,65.46,64.75,65.09,65.16,64.97,64.80,64.58,64.82,65.50,66.28,66.24,66.18,65.68,65.36,65.57,65.77,65.67
2021-8-20 0:10:8,66.14,66.86,66.85,67.19,67.07,66.37,66.39,66.66,66.43,66.65,67.41,67.28,67.52,68.07,67.86,68.39,68.25,68.28,67.92,67.77
2021-8-20 0:10:9,68.22,68.59,69.03,69.02,69.51,69.26,69.44,69.77,69.51,69.24,69.24,68.50,68.59,68.53,68.18,68.30,68.71,68.99,68.97
2021-8-20 0:10:10,69.69,69.23,69.49,69.54,69.45,69.66,69.55,70.13,69.62,69.17,69.42,69.71,70.99,71.47,71.28,70.82,70.14,70.10,70.65,70.54
2021-8-20 0:10:11,70.38,70.45,70.02,70.02,69.67,69.46,69.20,69.11,69.94,70.39,70.12,70.00,69.24,68.69,68.88,68.46,68.36,67.99,67.56,67.43
2021-8-20 0:10:12,67.31,67.18,66.66,66.76,66.86,66.70,66.91,66.56,65.79,66.01,66.00,66.46,66.74,66.62,66.75,66.48,66.84,66.83,67.18,67.63
2021-8-20 0:10:13,67.70,68.31,67.97,67.84,67.87,68.02,68.11,67.99,68.46,68.54,68.83,68.47,67.97,67.41,66.75,66.84,66.59,66.05,65.97,65.77
2021-8-20 0:10:14,65.15,64.59,64.40,64.70,64.81,65.07,65.08,64.26,63.76,63.48,62.93,62.89,62.40,62.31,62.31,62.15,62.69,62.63,62.93,62.92
2021-8-20 0:10:15,62.69,62.80,62.70,63.05,62.91,63.11,63.37,63.14,63.37,63.09,63.28,63.44,63.55,63.39,63.12,63.46,63.90,64.83,65.21,65.71
2021-8-20 0:10:16,65.82,65.50,66.09,66.08,66.28,66.71,66.54,66.53,66.91,66.90,67.29,67.42,67.63,67.69,67.60,67.23,67.51,67.58,67.27,67.39,66.63
2021-8-20 0:10:17,67.22,67.40,67.36,67.56,67.04,66.79,67.29,66.98,67.50,68.11,68.21,68.58,68.41,68.46,68.19,68.53,68.76,69.06,68.78,68.22
2021-8-20 0:10:18,67.81,67.14,67.39,67.53,67.05,66.67,66.14,65.84,66.05,65.99,66.96,67.39,67.51,67.91,67.65,67.48,67.30,66.90,66.50,66.10,65.80
2021-8-20 0:10:19,65.98,66.22,66.92,67.50,68.61,68.82,68.91,68.97,68.30,68.33,68.57,68.81,68.88,68.86,68.49,68.29,68.26,68.27,68.16,67.44
2021-8-20 0:10:20,66.98,66.29,65.94,66.02,65.17,65.00,64.73,64.01,63.68,63.73,63.38,63.18,63.18,62.58,62.29,62.90,62.60,62.91,62.91,62.69
2021-8-20 0:10:21,63.29,63.04,62.83,62.65,62.35,62.34,62.52,62.51,63.19,63.02,63.87,63.32,62.62,62.42,61.35,61.90,61.70,62.06,62.02,61.99
2021-8-20 0:10:22,62.15,61.61,61.69,60.83,60.95,61.72,61.30,61.93,61.44,60.85,61.47,61.60,61.56,61.81,61.22,60.93,61.17,61.04,61.38,62.00
2021-8-20 0:10:23,62.41,62.38,62.93,62.79,62.92,63.01,62.36,61.88,61.61,61.24,61.54,61.90,62.09,62.55,62.74,62.92,63.04,62.81,63.40,63.51
2021-8-20 0:10:24,63.59,64.57,64.44,64.70,64.90,65.20,66.02,66.32,66.89,66.99,66.68,67.21,67.78,68.09,68.79,69.48,69.99,70.72,70.87,70.64,70.90
2021-8-20 0:10:25,70.95,70.99,71.06,70.61,69.72,69.30,68.47,67.29,67.11,66.57,66.74,66.61,66.10,66.05,65.55,65.71,65.90,65.83,65.78,65.54
2021-8-20 0:10:26,65.48,65.16,64.47,64.61,64.00,63.40,64.26,64.15,64.25,64.38,63.86,63.50,63.14,63.26,63.01,62.42,62.98,62.72,63.14,63.95
2021-8-20 0:10:27,63.67,63.92,64.05,63.95,64.37,64.60,64.95,65.31,65.57,65.85,65.77,65.41,65.25,65.33,65.37,65.73,65.94,66.03,65.98,66.39
2021-8-20 0:10:28,66.49,66.33,66.62,66.47,66.63,67.19,66.82,66.64,65.86,65.62,65.98,66.12,67.18,67.06,67.14,67.15,66.96,67.60,67.77,68.63
2021-8-20 0:10:29,68.95,69.04,68.92,68.58,69.10,69.70,70.15,70.73,70.66,70.05,70.52,71.14,71.21,72.07,72.29,72.08,72.88,72.70,72.15,72.52
2021-8-20 0:10:30,71.97,72.19,72.99,72.83,72.73,72.92,72.95,72.94,74.14,73.94,73.61,73.31,72.26,72.43,72.52,72.61,72.34,71.94,71.32,70.80
2021-8-20 0:10:31,70.35,70.23,70.17,69.91,70.12,69.79,70.01,69.70,69.68,69.47,69.44,70.03,69.47,69.60,68.94,68.42,68.91,68.67,68.99,68.63
2021-8-20 0:10:32,67.46,66.91,66.55,66.86,67.10,67.32,67.02,66.87,67.17,66.79,66.70,66.50,65.88,66.10,66.01,65.85,66.31,66.48,66.75,66.72
2021-8-20 0:10:33,66.33,65.51,65.09,65.03,65.41,65.62,65.15,64.83,64.33,64.32,65.07,65.34,65.35,64.89,64.66,64.23,64.49,64.82,64.40,64.70
2021-8-20 0:10:34,63.98,64.04,64.30,64.95,65.07,65.18,64.93,63.93,64.23,63.83,63.97,64.63,64.98,65.79,65.58,65.07,64.78,64.46,64.68,64.64
2021-8-20 0:10:35,64.56,64.56,64.24,63.95,63.86,63.34,63.81,64.19,64.01,64.38,64.48,64.68,65.18,65.30,65.14,64.31,64.33,63.87
2021-8-20 0:10:36,63.91,64.69,64.56,64.90,64.58,64.61,64.88,64.83,64.68,64.28,63.64,63.58,63.75,64.02,64.06,63.86,64.31,64.44,64.58,65.30
2021-8-20 0:10:37,65.38,65.23,65.29,65.07,65.02,64.99,65.03,64.41,64.08,63.95,64.23,64.77,64.83,64.88,64.39,64.36,64.67,64.86,65.27,65.71,65.60
2021-8-20 0:10:38,66.16,66.10,66.16,66.40,65.80,66.46,66.43,66.47,67.31,67.65,67.65,67.87,67.41,66.74,66.74,66.94,67.40,67.66,67.86,67.26
2021-8-20 0:10:39,66.66,66.53,66.28,66.27,66.14,66.02,64.99,64.17,63.54,63.14,63.24,63.37,63.78,63.71,64.25,64.52,64.62,64.86,64.92,65.31,65.63
2021-8-20 0:10:40,65.07,65.08,64.71,64.29,64.35,63.72,64.09,64.73,65.38,66.21,66.80,66.70,66.33,66.27,66.44,66.81,67.12,67.19,65.96,66.28,66.61
2021-8-20 0:10:41,67.20,67.97,68.16,68.47,68.83,68.92,68.34,68.19,67.42,67.52,67.39,67.30,67.33,67.18,66.31,66.23,65.57,64.99,65.73,65.67
2021-8-20 0:10:42,65.98,66.41,66.20,66.55,66.80,66.48,66.62,65.68,66.03,66.20,65.82,66.38,66.41,66.34,66.22,66.10,65.67,66.65,67.21,67.60
2021-8-20 0:10:43,68.02,67.80,67.60,67.07,66.59,65.76,65.62,65.87,65.71,65.85,65.90,65.52,65.64,66.12,66.05,65.97,66.47,65.75,66.10,65.79
2021-8-20 0:10:44,64.87,65.31,65.18,65.21,65.28,64.79,64.64,64.53,64.83,65.46,65.60,66.54,66.58,66.80,66.66,66.52,67.16,66.50,67.11,67.24
2021-8-20 0:10:45,66.79,67.66,67.75,68.23,68.88,68.65,69.25,69.90,70.46,70.90,71.06,70.80,70.81,70.99,70.34,70.67,69.94,69.80,69.96,69.76
2021-8-20 0:10:46,69.99,69.99,70.61,70.30,71.16,70.97,69.70,70.13,68.52,68.11,68.71,68.13,67.84,68.02,68.14,68.04,68.37,68.70,68.54,67.77,67.81
2021-8-20 0:10:47,66.40,65.67,65.33,64.66,64.98,65.04,64.87,65.01,64.60,64.04,63.59,63.31,63.33,63.23,63.42,62.91,62.51,62.46,62.76,63.05
2021-8-20 0:10:48,63.19,63.22,63.39,63.17,63.51,63.14,63.66,64.05,63.77,63.97,63.04,63.32,63.88,64.21,64.46,64.29,63.80,63.81,63.76,63.42,63.59
2021-8-20 0:10:50,64.17,64.14,64.45,64.78,64.08,64.28,64.45,64.27,64.73,64.89,65.40,65.44,65.40,65.74,65.50,65.57,65.88,66.13,65.70,66.34
2021-8-20 0:10:51,66.28,66.62,67.43,67.98,68.26,67.63,67.76,67.73,68.24,68.75,69.31,69.64,69.75,69.73,70.07,70.09,70.41,70.87,70.95,71.50
2021-8-20 0:10:52,71.37,72.14,72.43,72.08,72.20,72.01,71.54,71.64,71.48,70.86,70.23,69.75,69.61,70.25,70.59,70.08,69.72,68.62,67.96,68.10
2021-8-20 0:10:53,68.08,68.02,68.46,68.26,68.25,68.35,68.28,68.40,68.83,69.05,69.42,69.94,69.91,70.19,70.20,70.60,71.00,70.88,71.14,70.59
2021-8-20 0:10:54,70.23,70.03,70.26,70.42,70.57,70.69,70.19,69.99,69.52,68.91,68.01,66.86,65.79,65.73,66.07,66.60,67.21,66.90,66.57,66.32
2021-8-20 0:10:55,66.19,66.52,66.82,67.10,67.15,66.80,65.91,65.44,65.12,65.30,66.12,66.97,67.24,67.07,66.78,66.25,65.99,65.83,66.32,66.57
2021-8-20 0:10:56,66.73,67.02,65.68,64.67,64.78,64.07,64.63,65.36,64.88,65.10,64.43,63.63,63.21,63.11,63.51,63.78,63.99,63.97,63.97,64.38
2021-8-20 0:10:57,64.39,64.52,64.98,64.49,64.18,64.16,64.19,63.84,64.02,63.50,62.84,62.86,62.36,62.36,62.48,62.35,62.28,62.17,61.60,61.51
2021-8-20 0:10:58,61.39,61.47,61.71,61.84,62.32,62.89,62.94,62.33,61.99,60.94,60.80,60.88,61.22,61.28,61.08,61.59,61.01,61.52,61.54,61.91
2021-8-20 0:10:59,62.35,62.83,62.99,62.64,62.61,62.01,61.91,62.37,62.39,62.65,62.63,62.01,61.86,61.25,60.84,60.60,60.18,60.28,60.80,61.16
2021-8-20 0:11:0,61.97,62.28,61.82,61.78,62.05,61.92,62.73,62.74,62.40,62.36,62.00,62.25,62.25,62.25,62.32,62.19,62.15,61.81,61.37,61.42
2021-8-20 0:11:1,61.48,62.28,62.69,62.26,61.98,61.49,61.04,61.12,61.17,61.69,61.77,62.19,62.49,62.06,61.76,60.85,60.49,60.72
2021-8-20 0:11:2,61.32,61.50,61.05,60.21,60.49,61.10,61.84,62.41,61.92,61.49,61.04,61.94,61.97,62.60,63.35,62.27,62.49,61.92,62.37,63.24
2021-8-20 0:11:3,63.88,63.67,62.52,61.67,61.24,61.78,62.42,62.38,61.76,61.64,61.44,61.11,61.08,60.70,60.05,60.68,60.71,60.52,60.30,59.56,59.33
2021-8-20 0:11:4,59.52,59.29,59.54,59.61,59.84,60.21,60.42,60.42,60.01,59.99,59.84,59.87,60.05,59.94,60.16,60.29,59.76,59.92,59.70,59.72
2021-8-20 0:11:5,60.63,60.85,60.86,60.62,60.26,60.53,60.41,60.68,61.10,60.50,61.03,61.17,60.95,61.31,61.58,61.25,61.49,61.56,60.97,61.36
2021-8-20 0:11:6,61.18,60.78,61.09,60.83,61.32,61.82,62.06,62.76,62.81,62.67,62.83,62.92,62.57,62.79,62.57,62.09,62.23,62.55,62.44,63.05
2021-8-20 0:11:7,63.03,62.86,62.81,62.26,61.78,62.03,62.57,62.83,64.01,64.06,64.28,64.86,64.15,63.93,63.97,63.39,63.56,64.08,64.26,64.86
2021-8-20 0:11:8,65.36,65.75,65.62,65.66,65.91,65.93,66.40,67.14,67.53,67.65,67.39,66.77,67.11,66.99,67.60,67.55,67.51,67.92,67.93,68.54
2021-8-20 0:11:9,68.65,68.04,67.55,66.91,66.23,67.08,67.86,68.96,69.58,69.83,69.61,69.39,69.00,68.32,68.08,67.72,67.81,68.44,68.92,68.90
2021-8-20 0:11:10,69.14,68.53,68.20,68.84,68.96,69.46,70.06,70.14,70.35,70.58,70.97,71.12,71.75,72.00,71.92,72.08,71.89,71.95,72.24,72.09
2021-8-20 0:11:11,72.62,72.92,72.56,73.51,73.35,73.77,74.12,72.95,71.92,70.34,69.49,69.21,69.31,69.71,69.46,69.67,69.84,69.70,70.05,69.81
2021-8-20 0:11:12,68.98,68.70,67.77,67.35,66.92,66.35,66.52,66.34,66.67,67.06,67.10,67.89,68.13,68.58,68.33,68.09,68.88,68.48,69.42,68.90
2021-8-20 0:11:13,68.51,68.42,68.07,67.93,67.80,67.85,67.31,67.48,67.37,67.39,67.67,68.15,67.77,68.14,68.29,68.19,69.03,68.21,68.68,68.56
2021-8-20 0:11:14,67.84,69.10,68.64,68.68,68.59,67.95,68.00,67.82,68.14,68.37,68.48,68.43,67.94,67.41,66.98,67.65,68.02,67.56,67.61,66.93
2021-8-20 0:11:15,67.11,67.56,67.51,67.29,66.43,66.41,66.18,66.93,67.33,67.48,67.84,67.18,67.11,66.51,65.99,66.02,65.74,65.94,65.94,66.01
2021-8-20 0:11:16,66.12,66.31,66.16,65.80,65.96,65.51,65.92,66.31,66.32,66.78,66.13,66.24,65.92,65.65,66.45,66.40,66.22,65.88,65.70,65.55,65.81
2021-8-20 0:11:17,65.87,64.82,64.23,64.05,63.87,64.52,64.14,64.99,65.14,64.92,64.85,64.32,64.95,64.87,65.05,64.22,63.62,63.51,63.58,63.72
2021-8-20 0:11:18,63.28,63.81,63.52,63.82,64.14,63.81,64.85,64.34,64.72,64.58,63.84,64.81,64.12,63.97,63.97,63.23,63.89,64.11,64.54,64.70
2021-8-20 0:11:19,64.84,64.56,64.32,64.30,64.22,64.12,64.18,64.32,63.99,64.71,65.03,65.06,64.64,64.45,64.55,64.72,65.48,65.31,65.18,65.50
2021-8-20 0:11:20,65.02,65.11,64.11,64.04,64.76,65.03,65.48,65.49,65.73,65.85,65.89,65.53,65.07,65.74,66.19,65.88,65.45,64.69,64.55,64.56,64.77
2021-8-20 0:11:21,64.28,64.37,64.21,63.95,63.69,63.95,63.89,63.57,64.05,63.51,64.72,65.14,64.90,64.98,64.20,64.11,64.27,64.07,63.75,64.04
2021-8-20 0:11:22,63.76,63.76,63.55,62.99,63.12,62.74,62.91,63.04,63.98,64.31,64.31,64.19,63.12,62.92,62.76,62.37,62.84,63.48,63.61,64.06
2021-8-20 0:11:23,63.47,63.73,63.53,63.38,63.53,62.97,63.53,63.49,63.41,62.91,63.18,63.13,63.03,63.50,62.96,63.78,63.65,63.17,62.86,63.00
2021-8-20 0:11:24,62.96,63.26,63.38,63.44,63.58,63.08,62.86,62.73,62.76,63.41,63.11,62.50,62.03,61.19,61.47,61.47,62.37,63.36,63.41,63.30
2021-8-20 0:11:25,63.58,62.44,62.73,62.87,62.93,63.24,62.88,62.33,62.54,62.65,62.92,62.90,62.89,62.68,62.48,62.40,61.98,62.49,61.96,62.23
2021-8-20 0:11:26,61.79,61.72,61.81,61.57,61.32,61.71,62.13,62.27,62.36,62.66,62.46,62.53,62.55,61.87,61.79,61.70,62.02,61.45,61.63
2021-8-20 0:11:27,61.15,60.82,61.26,61.55,62.06,62.32,62.31,62.16,62.04,62.16,62.81,62.57,62.17,61.59,61.81,61.47,61.20,61.19,60.72,61.09,61.75
2021-8-20 0:11:28,62.12,62.81,62.17,62.10,61.08,59.93,60.46,60.43,61.46,62.36,61.92,62.07,62.17,61.73,61.82,62.04,61.75,61.28,61.73,61.49,61.31
2021-8-20 0:11:29,62.05,61.72,62.08,61.82,61.77,61.79,61.50,61.39,61.30,61.13,60.80,60.91,60.85,60.91,61.21,61.33,61.13,61.47,61.11,60.93
2021-8-20 0:11:30,60.01,60.82,60.95,60.70,60.90,60.79,60.75,61.19,60.95,60.86,60.70,60.42,60.83,61.03,60.82,60.78,60.54,60.04,60.08,60.45
2021-8-20 0:11:31,60.57,60.39,60.40,60.38,60.17,60.77,60.75,60.58,60.50,60.18,60.70,61.00,61.38,60.96,61.53,61.30,60.93,60.62,60.32,60.17
2021-8-20 0:11:32,60.30,59.95,60.70,60.82,60.86,61.53,61.21,60.70,60.74,60.29,60.26,60.54,60.73,60.89,60.70,60.55,60.65,61.04,61.53,61.31
2021-8-20 0:11:33,61.26,61.02,60.66,60.84,60.54,60.42,60.55,60.57,60.72,60.79,60.66,61.22,61.27,61.11,61.27,60.75,60.57,60.38,59.99,60.23,60.32
2021-8-20 0:11:34,60.88,61.43,61.72,62.01,61.64,61.69,61.00,61.06,61.30,61.22,61.39,61.09,60.63,60.48,60.60,60.42,61.18,60.90,61.17,61.35
2021-8-20 0:11:35,61.09,61.53,61.23,61.01,60.94,60.83,60.84,61.63,61.68,60.88,60.63,59.87,59.50,60.18,60.26,60.37,60.39,59.59,59.81,59.57
2021-8-20 0:11:36,59.94,60.03,60.51,60.97,60.77,60.73,61.02,60.59,60.49,60.08,59.64,59.82,59.69,59.92,59.71,59.45,59.38,59.90,60.23,60.43,60.67
2021-8-20 0:11:37,60.37,61.13,60.92,60.55,60.17,59.71,59.73,60.12,60.55,60.71,60.91,60.92,60.59,60.35,60.12,60.23,60.21,60.27,60.34,60.39
2021-8-20 0:11:38,60.41,61.09,60.43,60.18,60.13,59.78,60.56,60.99,61.08,61.43,61.10,60.79,60.38,60.22,60.13,60.11,60.17,60.01,60.22,59.86
2021-8-20 0:11:39,59.79,59.30,59.17,59.96,60.20,60.75,60.70,60.36,60.52,60.41,60.60,60.39,60.53,60.80,60.71,60.96,60.59,60.19,60.44,60.12
2021-8-20 0:11:40,60.12,60.39,60.08,60.56,60.37,60.00,60.19,60.19,60.04,60.12,60.13,59.92,60.65,59.77,59.73,59.32,58.34,59.36,59.77,59.85
2021-8-20 0:11:41,60.48,60.46,60.01,60.11,60.07,60.17,60.13,60.17,59.78,59.73,59.92,60.01,60.46,60.29,60.23,60.02,59.83,59.83,59.64,59.89
2021-8-20 0:11:42,60.03,60.10,60.10,59.53,59.66,59.56,59.81,60.47,60.36,60.40,60.15,60.35,60.66,60.87,60.53,60.26,59.88,59.86,60.06,59.62
2021-8-20 0:11:43,59.57,59.60,59.97,60.11,60.35,59.95,59.78,60.06,60.36,60.72,60.73,60.00,59.87,58.72,58.93,59.52,60.13,60.08,59.84,59.86
2021-8-20 0:11:44,59.99,59.71,59.92,59.90,59.16,59.93,59.29,60.13,59.51,59.08,59.52,60.04,60.09,59.83,60.17,59.63,59.88,59.82,59.63,58.36
2021-8-20 0:11:45,58.25,58.50,59.39,59.81,60.06,59.94,60.00,59.56,59.36,59.66,58.75,59.29,59.61,59.60,59.44,59.78,59.55,60.22,59.94,59.70
2021-8-20 0:11:46,59.79,59.86,60.13,60.00,60.35,59.83,60.19,59.93,60.30,59.97,60.05,60.10,60.45,60.85,60.96,61.59,61.36,60.74,60.70,60.31
2021-8-20 0:11:47,60.59,60.68,60.36,60.34,59.32,59.47,59.29,60.01,59.77,60.07,60.41,60.79,60.73,60.32,59.67,59.38,59.42,59.30,59.88,58.85
2021-8-20 0:11:48,59.24,59.73,60.54,60.69,60.69,60.68,60.87,60.70,60.34,60.11,59.20,59.41,59.36,60.01,59.63,59.62,60.14,59.96,60.12,60.37
2021-8-20 0:11:49,59.98,60.70,60.29,60.41,60.68,60.26,60.74,60.78,61.28,61.26,61.27,60.63,59.78,59.58,59.93,60.29,61.22,60.90,60.69,60.80
2021-8-20 0:11:50,61.54,61.38,61.37,61.14,61.04,60.85,60.85,61.66,59.88,60.39,60.57,60.96,61.00,60.70,60.56,59.60,59.87,60.09,60.64,60.59
2021-8-20 0:11:51,60.22,59.95,59.84,59.59,59.57,59.38,59.22,59.39,60.10,60.20,60.80,60.49,60.65,61.22,59.77,59.93,59.57,60.17,60.88,60.79
2021-8-20 0:11:52,60.91,59.91,60.39,60.05,59.69,59.60,60.16,60.40,60.86,60.75,59.49,59.85,59.59,60.67,60.26,60.90,60.82,61.06,60.75,59.78
2021-8-20 0:11:53,59.80,59.92,60.61,61.28,61.57,61.19,61.07,60.73,60.74,59.55,59.73,60.07,60.74,60.66,60.60,60.18,60.40,60.47,60.53,60.97
2021-8-20 0:11:54,60.88,61.01,61.12,60.48,59.56,59.51,59.25,59.85,59.30,59.38,59.91,60.19,60.16,60.06,59.63,59.62,59.58,59.46,59.03,59.52,60.21
2021-8-20 0:11:55,60.43,61.20,60.36,59.95,60.12,60.54,59.98,60.28,60.30,59.98,60.13,59.78,59.80,58.83,58.77,58.94,59.76,59.80,59.72,59.95
2021-8-20 0:11:56,59.64,60.11,60.45,59.92,59.72,59.35,59.07,59.32,59.47,60.11,60.20,60.14,59.61,60.25,59.87,59.91,59.48,59.60,59.73,59.90
2021-8-20 0:11:57,60.18,59.98,60.37,60.24,60.30,60.21,60.37,60.53,60.19,60.60,59.79,59.69,60.28,59.89,60.37,60.46,60.20,60.38,60.62,60.39
2021-8-20 0:11:58,60.11,60.21,59.46,59.31,59.76,58.80,59.31,59.38,59.73,60.17,60.16,60.19,60.13,59.84,59.61,59.55,59.55,59.54,59.99,60.45
2021-8-20 0:11:59,60.12,60.61,59.99,59.46,59.07,59.23,59.78,60.33,60.56,60.82,60.85,60.94,60.99,59.90,59.67,58.77,59.07,58.72,58.90,59.23
2021-8-20 0:12:0,59.34,59.59,59.59,59.70,59.70,59.75,59.83,59.66,60.13,59.66,59.60,59.55,59.38,59.52,59.86,60.10,59.73,60.05,59.78,60.09
2021-8-20 0:12:1,60.06,59.96,59.73,59.52,59.42,59.75,59.86,59.61,59.56,60.58,60.26,60.34,60.30,60.15,59.96,59.91,59.82,59.95,60.29,60.75
2021-8-20 0:12:2,60.58,60.21,60.42,59.92,60.26,59.16,59.26,59.30,59.55,59.34,59.02,59.40,59.41,59.60,60.04,60.29,60.52,60.19,60.03,59.68
2021-8-20 0:12:3,59.50,59.41,59.26,59.12,59.91,60.88,61.13,61.11,60.13,59.70,59.57,59.85,58.87,59.22,58.93,59.18,59.84,59.49,59.12,59.47
2021-8-20 0:12:4,59.24,59.31,60.18,60.00,60.41,60.29,60.22,60.22,59.92,60.02,59.74,59.62,59.60,59.56,59.71,60.12,59.99,60.00,59.76,59.83
2021-8-20 0:12:5,59.83,59.94,60.10,59.82,59.80,59.75,59.81,60.10,60.19,59.71,59.90,59.92,59.82,60.29,59.97,60.06,60.17,60.35,60.51,60.58
2021-8-20 0:12:6,61.02,60.81,60.58,60.59,60.50,60.18,60.44,60.07,62.59,63.70,66.54,66.87,65.67,67.03,65.90,66.17,66.24,65.92,66.88,68.35
2021-8-20 0:12:7,69.82,69.63,68.20,66.98,66.45,67.20,68.97,71.44,72.80,74.57,76.13,76.60,76.37,74.90,73.51,72.17,72.38,73.29,73.81,74.72
2021-8-20 0:12:8,75.27,75.72,75.87,76.59,76.32,75.18,75.18,74.67,75.36,76.46,75.63,74.53,73.04,72.52,73.29,73.75,73.83,73.81,73.01,72.69
2021-8-20 0:12:9,73.25,73.93,73.90,73.64,73.38,73.29,73.50,73.53,73.82,73.26,73.35,73.59,73.13,73.14,73.15,72.77,72.86,72.35,72.15,72.57,72.47
2021-8-20 0:12:10,72.74,72.33,72.31,71.51,71.03,70.56,69.51,68.89,67.79,67.53,67.34,67.59,67.61,67.67,67.36,66.52,66.49,66.04,65.82,66.09
2021-8-20 0:12:11,65.71,65.87,65.62,65.95,66.70,66.60,66.90,66.58,66.26,66.08,66.48,66.93,67.18,67.63,67.37,66.76,66.72,66.61,67.08,67.77
2021-8-20 0:12:12,67.98,68.03,67.20,66.44,65.72,64.96,64.70,63.98,63.41,63.68,63.55,63.62,63.94,63.64,63.78,63.92,63.61,64.09,64.53,64.52
2021-8-20 0:12:13,64.85,64.85,64.59,64.52,64.31,63.86,63.65,64.13,64.26,64.85,65.04,64.87,65.05,64.25,64.00,64.13,63.57,63.87,63.87,64.21
2021-8-20 0:12:14,64.92,65.07,65.79,65.87,66.43,66.53,66.35,65.82,65.68,65.31,64.86,64.38,63.65,64.06,64.01,64.71,64.80,64.84,65.14,64.97
2021-8-20 0:12:15,65.22,64.73,64.43,64.17,63.56,63.85,63.94,64.69,65.43,65.93,66.59,66.19,66.55,66.52,66.32,66.62,66.16,65.80,65.67,65.27,64.93
2021-8-20 0:12:16,65.09,64.85,64.79,65.48,65.44,65.58,65.90,65.79,65.82,65.56,65.54,65.31,65.56,65.94,66.41,66.74,66.51,66.98,66.80,66.94,67.63
2021-8-20 0:12:17,67.42,67.30,67.30,66.63,66.62,67.28,67.40,67.79,68.00,68.23,67.94,68.37,68.68,68.48,69.15,69.19,69.34,69.59,69.84
2021-8-20 0:12:18,70.01,69.79,69.67,69.57,69.66,70.39,71.21,71.43,71.70,72.16,71.91,72.05,72.67,72.27,72.60,72.73,71.90,72.46,72.19,72.25
2021-8-20 0:12:19,72.30,71.61,71.44,70.97,70.87,70.48,69.59,69.35,68.42,68.08,68.59,67.98,68.33,68.42,68.19,68.24,68.37,68.80,68.66,68.97
2021-8-20 0:12:20,68.89,68.75,68.33,68.38,68.55,68.65,69.36,69.47,70.07,70.26,70.78,70.67,70.11,70.16,70.06,70.90,71.23,71.32,71.16,71.02
2021-8-20 0:12:21,71.00,70.89,71.11,71.09,71.40,71.46,71.56,71.41,71.32,71.71,71.78,72.32,72.23,72.03,71.99,71.95,72.72,73.29,73.22,73.00
2021-8-20 0:12:22,72.06,72.09,72.11,72.27,72.25,71.50,71.21,71.27,71.47,70.86,71.12,70.81,70.27,70.41,69.87,69.18,69.80,69.63,69.60,69.82
2021-8-20 0:12:23,69.42,69.59,69.92,69.82,69.78,70.13,69.76,70.02,69.88,69.94,70.58,70.61,71.34,71.67,71.08,71.71,71.03,70.79,71.19,70.37
2021-8-20 0:12:24,70.77,70.47,70.43,70.78,70.60,70.63,70.46,70.52,70.93,71.41,71.30,71.32,71.26,71.01,71.48,71.70,71.47,71.58,71.77,71.57
2021-8-20 0:12:25,72.38,72.95,73.77,74.49,75.03,75.79,75.73,75.99,75.56,74.97,74.13,73.10,72.51,71.59,71.24,70.61,69.28,68.38,67.81,68.03
2021-8-20 0:12:26,68.32,68.03,67.89,67.33,66.61,67.09,66.73,66.45,66.65,66.14,66.00,65.78,66.37,66.32,65.77,65.89,65.73,65.74,66.74,66.57
2021-8-20 0:12:27,65.76,65.30,64.92,64.37,64.31,64.56,64.24,65.12,64.96,65.32,65.67,65.75,66.68,66.82,67.06,67.07,67.23,67.18,67.01,67.22
2021-8-20 0:12:28,67.18,67.18,68.29,68.69,69.14,69.27,68.70,68.56,68.44,68.81,68.98,69.61,70.02,69.96,69.81,69.37,69.30,69.49,69.80,70.30
2021-8-20 0:12:29,70.87,70.81,70.79,70.40,69.52,69.79,69.14,68.55,68.07,67.03,67.26,66.93,66.75,66.77,66.15,65.71,65.47,65.09,65.19,65.61
2021-8-20 0:12:30,65.66,66.00,65.37,65.64,65.74,65.69,66.46,66.41,66.58,66.76,67.27,67.91,67.76,67.56,67.15,66.67,66.92,67.70,67.55,67.66
2021-8-20 0:12:31,67.24,66.79,66.92,66.81,67.21,67.46,67.67,67.44,66.95,66.73,66.54,66.19,66.24,66.39,66.16,66.42,66.83,66.28,66.08,66.31,65.73
2021-8-20 0:12:32,66.26,66.36,66.14,66.83,67.03,67.56,68.04,68.33,68.03,67.70,67.54,67.64,67.42,67.40,67.46,67.33,68.42,69.57,69.30,69.14
2021-8-20 0:12:33,68.71,68.59,69.41,69.70,69.80,70.17,69.70,69.48,69.22,68.34,68.42,68.74,68.94,68.90,69.20,68.66,68.52,68.15,67.06,67.03
2021-8-20 0:12:34,66.59,66.38,66.56,66.54,66.18,66.53,66.41,65.78,66.05,65.16,64.58,64.82,64.14,64.61,65.37,66.12,67.06,67.43,67.45,67.66
2021-8-20 0:12:35,67.82,68.13,68.90,68.15,67.60,67.53,67.26,67.55,67.48,66.38,65.81,65.07,64.22,63.86,63.20,62.86,63.19,63.41,62.90,63.09
2021-8-20 0:12:36,63.05,62.84,62.99,62.68,62.03,61.56,61.37,60.55,60.63,60.73,60.31,60.43,60.34,60.19,60.61,60.50,60.62,60.77,60.29,60.45
2021-8-20 0:12:37,60.30,60.32,60.49,60.34,60.31,59.91,59.51,59.42,59.35,59.26,59.60,60.11,60.26,60.44,60.76,60.58,60.67,61.06,60.62,61.06
2021-8-20 0:12:38,60.87,60.74,61.35,61.04,60.95,60.92,60.97,61.40,61.57,61.80,61.56,60.88,60.47,60.93,61.03,61.48,61.99,61.93,62.04,62.39
2021-8-20 0:12:39,62.85,62.98,62.66,62.50,62.47,62.41,62.94,62.93,62.86,63.07,63.79,63.98,63.58,63.46,62.65,62.68,63.06,62.93,63.15,63.11,62.74
2021-8-20 0:12:40,62.28,61.76,60.97,60.96,60.88,60.67,61.00,60.94,60.73,61.13,60.66,60.36,60.43,60.05,60.93,61.03,61.05,61.16,60.41,60.73
2021-8-20 0:12:41,60.97,61.07,61.60,61.62,61.85,62.02,62.03,62.34,62.22,62.43,62.42,62.19,62.51,63.32,64.05,64.97,65.21,64.79,64.89,64.78
2021-8-20 0:12:42,64.86,64.90,65.26,64.68,65.49,65.67,65.97,66.72,66.43,66.15,65.48,65.31,64.99,64.99,64.51,64.10,63.27,62.62,62.71,62.82
2021-8-20 0:12:43,62.96,63.46,63.68,63.58,64.06,64.10,64.10,64.13,64.06,64.32,64.34,64.26,64.10,63.76,63.49,63.74,64.01,64.16,64.37,64.32
2021-8-20 0:12:44,64.29,64.22,64.19,64.21,64.06,64.15,63.96,63.26,62.85,62.89,62.52,62.45,62.55,61.66,61.56,61.27,60.70,61.01,61.02,61.56,61.93
2021-8-20 0:12:45,62.13,62.59,62.44,62.59,62.22,61.96,61.79,61.67,61.69,61.44,61.70,61.61,61.70,61.96,61.75,61.82,61.74,61.04,60.90,60.63
2021-8-20 0:12:46,60.78,61.59,61.98,61.91,61.60,61.29,61.38,62.05,61.97,62.08,62.17,61.93,62.07,62.18,62.14,61.90,62.38,62.53,62.62,63.07,63.14
2021-8-20 0:12:47,63.15,63.50,64.00,64.15,64.65,64.77,64.94,65.23,65.70,66.09,66.34,66.67,66.71,67.29,67.54,67.98,68.45,68.15,68.03,68.29
2021-8-20 0:12:48,68.46,68.65,68.52,67.95,66.50,65.69,64.90,64.31,64.27,64.22,64.44,64.09,64.18,64.06,64.12,64.38,64.90,64.94,64.58,64.81,64.27
2021-8-20 0:12:50,64.38,64.97,64.82,65.25,64.73,64.02,63.58,62.56,63.01,63.13,63.08,63.04,62.51,62.47,62.48,62.62,62.41,62.14,62.11,62.38
2021-8-20 0:12:51,62.37,62.72,62.41,62.53,62.56,61.89,62.21,61.84,61.43,61.42,61.57,61.24,61.29,61.98,61.51,61.56,61.30,60.42,60.14,60.33
2021-8-20 0:12:52,61.10,61.44,61.44,61.66,61.23,61.43,61.66,61.47,61.68,61.33,61.41,61.70,60.98,61.07,61.05,60.68,61.15,61.36,61.41,61.94
2021-8-20 0:12:53,62.59,62.33,62.75,62.40,62.14,62.80,62.37,62.53,62.77,63.21,63.28,63.66,63.73,62.72,63.03,63.47,63.72,64.74,65.92,66.25
2021-8-20 0:12:54,67.04,67.12,66.75,66.62,66.41,66.48,66.83,67.35,67.20,67.97,68.09,68.04,68.60,68.29,68.51,68.42,68.50,68.48,68.09,68.20
2021-8-20 0:12:55,67.60,67.43,67.68,67.01,66.94,66.45,65.26,65.16,64.96,65.21,65.42,64.93,64.72,64.36,64.91,65.36,65.77,66.27,66.66,66.47
2021-8-20 0:12:56,66.34,66.32,65.87,66.44,66.78,66.44,66.94,66.51,66.72,67.33,67.14,67.45,67.30,67.22,67.11,66.94,66.66,66.72,66.53,66.20,66.46
2021-8-20 0:12:57,66.31,66.45,66.76,66.94,66.79,66.69,66.81,66.64,66.84,67.47,67.79,67.80,68.20,67.74,67.82,68.01,67.89,68.41,68.35,68.57,68.08
2021-8-20 0:12:58,68.36,68.03,68.27,68.51,67.94,67.99,67.08,66.82,66.60,66.41,66.11,66.01,65.55,65.27,65.71,66.36,66.96,67.87,67.76,67.38
2021-8-20 0:12:59,67.26,66.68,66.91,67.35,67.55,67.86,67.37,66.20,66.25,66.70,67.44,68.43,68.34,67.39,67.25,67.07,67.39,67.70,68.03,68.35,68.48
2021-8-20 0:13:0,69.31,69.47,69.42,69.26,69.13,69.03,68.57,68.78,68.54,68.15,68.58,68.06,68.24,68.28,68.66,69.19,69.05,69.78,69.60,69.53
2021-8-20 0:13:1,69.92,69.79,69.91,70.06,70.16,70.57,70.27,70.05,69.70,69.73,70.17,70.59,70.92,70.16,69.90,69.38,69.40,69.23,68.68,68.96
2021-8-20 0:13:2,68.21,68.20,68.37,68.03,68.02,68.30,68.51,68.03,67.99,67.57,67.43,67.38,67.46,67.13,67.13,67.42,66.89,66.41,65.55,65.43,65.22
2021-8-20 0:13:3,65.73,65.70,65.18,65.40,64.92,64.96,65.12,65.37,65.34,65.02,64.86,64.64,64.96,65.65,65.47,65.39,65.78,65.86,65.77,65.38
2021-8-20 0:13:4,64.98,64.56,64.72,65.07,65.42,65.52,65.07,64.93,64.40,64.26,65.08,64.96,64.69,64.87,64.22,64.86,65.55,65.67,66.26,65.78
2021-8-20 0:13:5,65.13,64.92,65.13,65.51,65.95,66.34,65.51,64.91,64.67,64.08,64.90,65.36,65.48,65.55,64.37,64.30,64.42,64.41,64.33,63.95
2021-8-20 0:13:6,63.66,63.91,65.01,64.87,64.63,63.93,63.36,63.24,63.33,63.56,62.72,62.91,62.63,62.65,63.50,63.20,63.19,62.75,62.55,63.17
2021-8-20 0:13:7,63.45,64.32,63.95,63.20,63.27,62.55,63.04,63.41,63.08,62.98,63.12,63.37,64.07,64.88,65.10,65.11,64.85,64.56,64.45,64.19
2021-8-20 0:13:8,64.59,64.54,64.08,64.34,64.29,64.82,65.85,66.39,66.19,65.92,65.65,65.27,64.90,65.01,65.09,65.43
2021-8-20 0:13:9,65.68,65.62,65.61,65.69,66.36,67.58,68.11,68.00,68.05,67.57,67.37,68.29,68.52,68.39,68.53,68.19,67.79,68.22,68.73,69.16
2021-8-20 0:13:10,70.42,70.20,70.21,70.45,70.32,70.30,70.28,69.78,69.27,69.79,69.64,69.90,70.14,69.64,69.71,69.26,68.97,68.82,68.40,68.11
2021-8-20 0:13:11,67.85,67.87,68.02,67.92,67.47,67.53,67.43,67.65,68.46,68.51,68.35,68.89,69.04,69.50,69.84,69.71,69.76,69.53,69.94,69.96
2021-8-20 0:13:12,70.64,70.96,71.65,72.35,72.00,72.85,72.95,72.55,72.64,72.36,72.14,72.61,72.67,72.99,73.29,73.55,74.24,74.51,74.56,74.67
2021-8-20 0:13:13,74.30,73.97,73.93,74.05,73.91,73.30,73.15,72.56,72.04,72.02,71.84,71.18,71.23,71.77,71.16,71.84,72.25,71.58,72.17,72.03
2021-8-20 0:13:14,72.03,72.69,71.73,71.55,71.36,70.79,71.46,71.05,70.57,70.66,70.80,71.38,71.59,71.64,71.41,71.18,71.54,71.68,71.63,72.06,71.94
2021-8-20 0:13:15,71.62,71.51,71.46,70.78,70.73,70.56,69.58,69.36,68.93,68.59,68.76,68.93,69.20,69.26,69.25,69.40,69.72,69.93,70.86,71.44
2021-8-20 0:13:16,71.49,71.63,71.19,71.57,72.42,72.97,73.63,73.42,72.57,72.16,71.47,70.74,70.18,69.56,68.80,68.13,68.03,67.79,67.88,68.43
2021-8-20 0:13:17,68.47,69.04,68.92,68.78,69.45,69.77,70.13,70.75,71.02,71.27,71.98,72.48,72.25,72.96,73.41,73.68,73.72,73.56,73.79,73.38
2021-8-20 0:13:18,74.04,73.97,73.26,73.21,73.30,73.53,74.08,75.13,74.91,75.43,75.75,75.29,75.69,74.62,74.30,74.15,73.53,73.51,72.52,71.87
2021-8-20 0:13:19,71.62,71.71,71.67,71.46,70.98,70.85,71.27,72.30,72.97,72.92,73.48,74.07,74.81,74.64,74.58,73.98,74.24,74.64,73.29,72.78,71.53
2021-8-20 0:13:20,72.04,72.47,72.36,72.99,72.03,72.68,72.60,72.53,72.58,72.26,72.73,71.99,71.65,72.18,71.51,71.24,71.51,70.91,70.43,70.60
2021-8-20 0:13:21,70.72,69.98,70.11,70.22,69.42,70.42,71.58,71.14,72.29,71.84,70.00,70.53,70.26,70.08,71.21,70.67,69.84,70.09,69.04,68.74
2021-8-20 0:13:22,69.37,68.69,69.00,69.67,68.73,69.26,69.40,68.55,69.00,69.11,68.98,69.30,69.09,68.13,67.76,67.67,67.42,68.30,68.65,68.19
2021-8-20 0:13:23,68.70,67.62,67.16,67.85,67.27,67.33,68.09,67.14,67.31,67.76,65.91,65.27,64.48,63.22,63.49,64.20,63.54,63.87,64.21,64.21
2021-8-20 0:13:24,64.94,65.23,65.27,65.88,66.23,66.42,67.05,66.67,66.67,66.89,66.52,66.37,66.78,67.10,67.45,67.52,67.49,67.33,67.15,67.32
2021-8-20 0:13:25,67.16,66.60,66.59,65.87,65.38,65.43,64.60,64.27,63.79,63.85,64.24,64.38,64.65,64.60,64.91,65.30,65.53,65.71,65.51,65.82
2021-8-20 0:13:26,66.49,66.60,66.35,66.65,66.41,66.19,66.39,66.10,66.10,65.70,66.00,66.11,65.67,65.71,65.90,65.71,65.35,65.85,65.65,66.07,67.20
2021-8-20 0:13:27,67.26,67.35,67.26,67.46,67.10,67.09,66.85,65.97,66.82,67.20,66.80,67.02,67.54,67.25,68.02,68.72,67.97,67.80,67.47,66.69
2021-8-20 0:13:28,66.33,66.48,66.46,66.82,66.67,66.87,66.81,66.16,66.69,66.30,65.77,65.26,64.79,64.83,64.99,65.76,65.56,65.25,65.12,65.74
2021-8-20 0:13:29,65.65,64.99,65.62,64.94,65.94,66.38,65.56,65.28,64.08,64.18,64.57,64.66,64.72,65.28,65.73,65.13,65.38,64.76,63.96,64.18,64.20
2021-8-20 0:13:30,64.62,64.38,64.80,64.54,63.82,64.46,64.14,64.36,64.66,64.20,64.54,63.92,64.20,64.46,65.07,65.97,65.89,65.84,65.30,64.96
2021-8-20 0:13:31,64.20,64.12,64.05,63.78,63.93,64.02,63.68,63.43,63.95,63.20,63.49,63.54,63.50,64.33,63.96,64.73,64.58,64.71,64.86,64.73
2021-8-20 0:13:32,64.91,64.57,63.80,63.35,63.13,62.96,63.98,64.34,64.22,64.51,64.05,63.80,64.05,63.85,63.86,63.61,64.04,64.47,64.83,64.98,64.74
2021-8-20 0:13:33,64.65,64.75,65.59,65.17,64.85,64.82,63.69,63.60,63.46,63.31,63.72,64.24,64.52,64.42,63.74,63.04,62.91,63.37,64.65,65.41
2021-8-20 0:13:34,65.69,65.61,65.44,65.15,65.02,65.20,64.99,65.86,66.20,66.52,66.54,66.21,66.37,66.00,66.65,67.12,67.28,67.84,67.44,67.12
2021-8-20 0:13:35,66.95,66.30,66.53,65.70,65.69,64.86,64.85,65.19,64.80,65.75,65.18,64.54,64.74,64.39,64.79,65.88,66.06,66.62,66.29,65.97
2021-8-20 0:13:36,65.89,66.16,66.20,66.48,66.81,66.64,66.43,66.35,65.75,65.29,65.14,64.79,64.22,63.73,63.93,63.40,63.77,64.04,64.24,64.35
2021-8-20 0:13:37,64.40,64.22,63.46,62.61,61.66,61.20,61.39,61.50,61.57,61.53,60.97,61.50,61.53,61.57,61.29,60.77,60.57,60.07,60.11,60.56
2021-8-20 0:13:38,60.84,60.83,60.59,60.10,59.52,59.76,60.22,59.66,59.60,58.65,58.45,58.89,58.82,59.81,59.36,59.92,60.10,59.73,60.25,60.03
2021-8-20 0:13:39,60.86,61.35,60.82,60.11,59.23,58.35,58.20,58.37,58.53,59.14,60.24,59.99,59.75,59.19,58.89,58.59,58.15,57.80,57.19,57.05
2021-8-20 0:13:40,57.65,57.05,56.89,57.33,56.75,57.99,58.23,58.27,58.50,57.92,58.33,58.56,58.52,58.98,58.52,58.49,58.71,58.58,58.55,58.19
2021-8-20 0:13:41,58.31,58.00,57.51,57.49,56.80,57.08,57.71,57.62,58.01,57.83,57.20,57.18,57.05,57.45,57.76,57.81,58.27,58.10,57.96,58.27
2021-8-20 0:13:42,57.72,57.49,57.20,57.05,56.98,57.28,57.81,57.44,57.02,56.28,55.86,55.81,55.47,55.93,55.78,55.75,55.91,55.62,55.89,56.08
2021-8-20 0:13:43,56.94,56.98,56.93,57.00,56.33,56.58,56.62,56.71,56.61,55.50,55.54,55.13,55.31,55.94,55.31,54.97,54.89,54.69,54.86,54.88,54.62
2021-8-20 0:13:44,54.95,54.21,54.87,55.45,54.98,55.72,55.16,55.11,55.72,55.44,56.34,56.56,56.16,56.47,55.55,55.59,56.03,56.22,56.07,55.37
2021-8-20 0:13:45,55.04,55.16,55.67,56.04,55.90,55.58,55.22,54.83,54.96,55.21,55.80,56.17,56.40,56.70,56.59,56.82,56.85,56.44,56.49,56.27,56.55
2021-8-20 0:13:46,56.54,56.66,56.71,56.01,56.03,55.71,55.34,55.05,55.26,54.80,55.14,55.52,54.98,55.50,55.14,54.93,55.24,55.13,54.95,55.32
2021-8-20 0:13:47,55.32,55.35,55.43,55.02,55.01,55.16,55.39,55.68,55.80,54.97,54.96,54.49,54.70,54.96,54.90,54.87,54.27,54.39,54.65,55.22,55.54
2021-8-20 0:13:48,55.16,55.02,54.99,55.10,56.26,56.11,55.86,55.22,54.74,54.74,54.71,55.08,55.01,54.57,54.70,54.73,54.27,54.81,55.00,54.90
2021-8-20 0:13:49,55.42,55.87,55.54,55.33,54.81,54.17,54.45,54.45,54.80,55.04,55.07,54.79,54.40,54.39,53.92,54.31,54.69,54.79,55.07,54.90,54.98
2021-8-20 0:13:50,54.64,54.29,54.55,54.31,54.38,54.81,54.87,54.69,54.76,54.55,54.85,55.22,55.51,55.42,55.52,55.49,54.88,55.28,54.64,54.42
2021-8-20 0:13:51,54.63,54.27,54.55,55.23,55.35,55.51,55.25,54.63,54.84,54.93,54.81,54.72,54.86,55.08,55.89,56.75,56.70,56.78,56.44,56.57
2021-8-20 0:13:52,56.44,56.43,56.60,56.47,56.50,56.62,56.63,56.33,56.28,56.68,56.67,56.49,56.87,56.84,56.91,57.63,57.63,56.89,56.25,56.24
2021-8-20 0:13:53,56.39,56.12,56.05,55.17,54.44,55.36,55.56,55.76,55.42,54.53,54.15,54.12,54.45,54.58,54.57,54.53,54.47,54.66,55.31,55.38
2021-8-20 0:13:54,55.91,55.70,55.82,55.52,55.34,55.59,55.80,56.16,55.80,55.85,55.59,55.57,55.79,55.73,55.65,55.12,55.66,55.56,55.09,55.76
2021-8-20 0:13:55,55.18,55.11,55.41,54.92,55.18,55.07,54.98,55.50,55.42,55.42,55.46,55.67,55.50,55.60,55.41,55.16,54.93,54.67,55.27,54.68
2021-8-20 0:13:56,54.98,55.52,55.24,55.92,55.84,55.28,55.20,54.84,54.57,54.98,55.16,55.23,55.74,55.66,55.54,54.98,54.36,54.79,54.86,54.86
2021-8-20 0:13:57,54.90,54.31,54.06,54.59,55.06,54.99,54.80,54.45,54.01,54.07,54.20,54.29,54.32,53.87,53.61,53.70,53.27,53.18,53.33,52.98
2021-8-20 0:13:58,53.34,53.40,53.55,53.99,53.68,54.30,54.25,53.75,53.92,53.48,53.81,53.97,53.77,54.04,53.66,54.21,54.52,54.33,54.21,53.78,53.84
2021-8-20 0:13:59,53.85,53.86,53.86,53.93,54.02,53.82,54.03,53.78,53.56,53.80,53.31,53.61,53.60,53.52,53.73,53.54
2021-8-20 0:14:0,53.63,53.48,53.59,53.14,52.73,52.84,52.52,52.94,52.98,52.94,53.27,52.89,52.95,53.06,52.97,53.27,53.01,52.99,52.57,52.09,52.52
2021-8-20 0:14:1,52.31,52.41,52.61,52.86,53.30,53.84,53.83,53.69,53.31,53.04,53.48,52.88,52.84,52.77,51.96,52.53,52.85,53.15,53.34,53.05
2021-8-20 0:14:2,53.00,52.70,52.89,53.13,53.02,52.92,53.02,52.77,52.84,52.86,52.69,52.78,52.35,52.14,52.01,51.86,52.07,52.10,52.23,52.70
2021-8-20 0:14:3,52.66,52.78,53.16,52.28,51.89,52.13,51.97,52.50,52.63,52.11,52.26,52.14,52.24,52.25,51.87,52.34,52.43,52.55,52.38,51.98
2021-8-20 0:14:4,51.91,51.69,51.93,51.92,52.16,52.14,51.94,51.83,51.84,52.22,52.10,51.76,51.87,51.97,52.24,52.70,52.53,52.07,52.25,52.44
2021-8-20 0:14:5,52.16,52.20,52.07,52.11,52.61,53.00,53.19,53.00,52.94,52.85,52.69,52.67,52.01,51.84,51.72,51.92,52.53,52.95,52.90,53.06
2021-8-20 0:14:6,52.87,52.83,53.16,52.84,53.11,52.92,52.81,52.87,52.60,52.51,52.99,53.12,53.92,54.09,54.06,53.96,53.46,53.06,53.02,53.62
2021-8-20 0:14:7,53.74,54.73,54.78,55.25,54.59,54.66,55.20,54.68,55.58,55.26,54.92,54.87,54.44,54.38,54.86,54.64,55.07,55.40,55.13,55.67
2021-8-20 0:14:8,55.90,56.10,55.82,55.86,55.61,55.50,55.57,55.37,55.33,55.16,55.43,55.89,55.82,56.05,55.79,55.50,55.68,56.01,55.98,55.54
2021-8-20 0:14:9,55.67,55.27,55.62,56.11,56.23,56.51,56.17,55.88,55.85,55.82,56.11,56.49,56.37,56.12,56.51,56.17,55.90,55.63,55.76,55.87,56.14
2021-8-20 0:14:10,56.01,55.41,55.51,54.83,54.93,54.53,54.59,55.40,55.33,55.79,55.74,55.57,55.97,55.66,55.33,55.23,55.18,55.54,55.54,55.51
2021-8-20 0:14:11,55.63,55.46,55.62,55.83,56.05,55.76,55.66,55.51,54.85,54.55,54.42,54.25,54.28,54.78,54.32,54.67,54.64,55.10,55.53,55.58
2021-8-20 0:14:12,55.96,55.35,55.31,54.96,54.42,54.80,55.04,55.13,55.43,55.21,55.43,55.35,55.17,54.48,54.19,54.01,54.08,55.11,55.25,55.25
2021-8-20 0:14:13,55.38,55.12,55.09,55.28,55.08,54.80,54.55,54.22,54.31,54.68,54.70,55.29,55.51,55.24,55.53,55.21,54.99,55.08,55.26,55.66
2021-8-20 0:14:14,55.63,55.55,55.30,55.00,55.14,55.79,55.69,55.68,55.96,55.65,56.28,55.78,55.76,55.52,54.62,55.33,54.62,54.54,55.53,55.80
2021-8-20 0:14:15,56.32,56.81,56.09,55.65,55.94,55.26,55.01,54.84,54.55,54.65,54.62,54.40,54.29,53.87,54.23,54.34,54.41,55.30,55.07,54.68
2021-8-20 0:14:16,54.37,55.43,55.74,56.01,55.76,54.01,53.34,53.20,53.87,54.20,54.33,54.22,53.72,53.23,53.14,53.47,53.49,53.66,53.09,52.76,52.71
2021-8-20 0:14:17,53.00,53.88,53.97,54.96,54.68,54.35,54.12,54.59,55.19,55.27,55.58,54.19,54.26,54.28,54.14,53.98,52.96,52.90,53.10,52.93
2021-8-20 0:14:18,53.20,53.24,53.14,53.54,53.66,53.64,53.52,53.21,52.81,52.59,52.45,52.35,52.21,52.48,52.73,53.05,53.22,52.74,52.46,52.62
2021-8-20 0:14:19,53.04,53.47,53.76,53.26,52.89,53.02,53.08,53.33,53.45,52.96,52.77,52.80,53.06,53.20,53.55,53.18,53.38,53.69,53.47,54.00
2021-8-20 0:14:20,53.56,53.62,53.77,53.80,53.44,53.13,53.19,53.20,53.31,53.48,53.09,52.84,53.05,52.85,53.15,52.82,52.98,53.25,53.19,53.48
2021-8-20 0:14:21,53.01,52.92,53.02,52.96,53.08,53.30,53.42,53.38,53.41,52.76,52.74,53.13,53.11,53.35,53.32,52.95,53.07,53.34,52.63,52.51
2021-8-20 0:14:22,52.54,52.47,53.22,53.45,53.22,53.15,53.11,53.19,53.58,53.77,53.64,53.48,53.08,52.63,52.41,52.03,52.05,52.35,52.29,53.14
2021-8-20 0:14:23,53.35,53.49,53.71,53.46,53.26,52.93,52.62,52.38,52.35,52.49,52.49,52.69,52.87,53.01,53.43,53.20,53.11,52.73,52.67,52.72
2021-8-20 0:14:24,53.02,53.50,53.27,53.86,53.98,53.77,54.23,54.08,53.97,54.88,54.96,54.63,54.88,54.30,54.55,54.92,54.78,54.55
2021-8-20 0:14:26,54.54,54.41,54.16,54.36,54.15,53.86,54.20,54.19,54.07,53.86,53.60,53.50,52.96,53.24,53.26,53.38,53.28,53.54,53.58,53.80
2021-8-20 0:14:27,54.40,54.42,54.50,54.20,54.20,54.03,54.19,54.07,53.89,53.87,53.80,54.09,54.00,53.81,54.23,54.05,54.14,54.19,53.92,54.25
2021-8-20 0:14:28,53.90,54.49,54.36,54.11,54.53,53.97,53.96,53.81,53.90,54.06,53.60,53.98,54.10,53.99,54.14,53.52,53.31,53.37,53.26,53.23,53.24
2021-8-20 0:14:29,52.95,52.94,53.14,53.03,53.79,54.46,55.24,55.50,54.87,54.63,54.48,54.43,54.39,54.16,53.65,53.54,54.04,53.91,54.26,54.13
2021-8-20 0:14:30,53.91,53.98,53.66,53.62,53.17,53.42,53.12,53.41,53.90,53.41,53.72,53.72,53.78,54.38,54.26,54.17,54.02,53.82,54.02,53.91
2021-8-20 0:14:31,53.80,53.81,53.65,53.71,53.72,53.40,53.46,53.38,53.30,53.69,53.38,53.50,53.69,53.39,53.73,53.24,53.07,53.03,52.85,53.30,53.41
2021-8-20 0:14:32,53.53,53.60,53.70,53.62,53.77,53.72,53.97,54.37,53.95,54.11,53.59,53.27,53.52,53.10,53.20,53.36,53.40,53.70,53.84,53.31
2021-8-20 0:14:33,53.21,53.17,53.02,53.60,53.26,53.02,53.42,53.22,53.46,53.59,53.10,52.98,53.45,53.23,53.28,53.20,52.86,53.39,53.44,53.93
2021-8-20 0:14:34,53.91,53.48,53.47,53.05,53.09,53.57,53.78,53.77,53.89,53.90,53.74,53.66,53.60,53.70,53.91,54.83,55.10,55.29,55.52,55.33
2021-8-20 0:14:35,55.69,56.60,57.39,57.18,56.98,56.42,55.72,56.04,56.07,55.51,55.22,54.68,54.47,54.63,54.37,54.63,54.70,54.46,54.71,54.08
2021-8-20 0:14:36,54.11,53.83,53.78,53.98,53.72,54.02,54.06,54.36,54.87,55.12,55.69,56.20,56.07,56.62,56.33,56.10,56.10,56.09,56.20,56.54
2021-8-20 0:14:37,56.94,57.31,57.62,58.07,58.08,57.95,58.03,57.62,57.62,57.39,57.68,57.64,57.56,57.82,57.59,57.77,58.11,57.92,58.15,58.67
2021-8-20 0:14:38,58.74,58.77,58.33,58.08,58.56,58.63,58.49,58.72,58.13,57.80,58.50,58.44,57.96,58.18,57.91,57.76,58.45,58.84,58.92,58.98
2021-8-20 0:14:39,58.91,59.12,59.34,59.34,59.39,59.38,59.21,59.08,59.16,59.10,59.27,59.64,59.50,59.54,59.38,60.19,62.04,63.44,64.29,65.20
2021-8-20 0:14:40,65.22,65.47,67.11,67.41,68.55,69.58,70.00,70.71,70.37,70.29,69.96,69.58,69.62,69.42,69.17,69.02,69.03,69.41,69.78,70.53,71.04
2021-8-20 0:14:41,70.86,71.15,70.42,70.32,71.11,71.60,72.50,72.61,71.93,71.30,71.18,72.01,72.71,72.95,72.60,71.89,71.59,71.53,71.47,71.44
2021-8-20 0:14:42,71.74,71.43,71.87,71.40,70.46,70.88,69.96,70.26,70.04,70.00,70.43,70.12,70.08,69.85,69.97,69.68,69.83,69.44,69.03,68.98,68.82
2021-8-20 0:14:43,68.63,69.12,69.38,70.35,71.27,71.31,71.24,70.61,69.59,68.92,68.55,67.66,67.74,67.85,67.94,68.31,68.83,68.73,69.11,69.33
2021-8-20 0:14:44,69.13,68.97,68.70,68.64,68.92,68.96,69.12,69.14,68.33,68.64,68.55,68.72,69.05,68.80,68.66,68.61,68.74,69.15,69.54,69.90
2021-8-20 0:14:45,70.18,70.74,70.85,71.16,71.40,71.23,71.75,72.30,72.74,73.08,73.29,73.17,73.32,73.97,74.31,74.75,74.80,74.65,74.62,74.42
2021-8-20 0:14:46,75.00,75.22,75.15,74.69,74.24,73.35,72.79,72.86,72.53,72.97,72.88,72.36,72.34,71.74,71.86,72.25,71.65,71.92,71.52,71.35
2021-8-20 0:14:47,72.18,72.43,73.05,73.45,72.96,72.46,72.27,72.83,73.66,74.27,74.75,74.62,74.44,74.36,74.02,73.79,73.51,74.06,74.75,75.50,76.03
2021-8-20 0:14:48,76.84,77.67,77.99,78.78,78.92,79.08,78.89,78.96,79.19,78.79,78.93,78.13,76.78,75.98,74.99,74.44,74.18,74.16,74.01,74.31,73.89
2021-8-20 0:14:49,73.60,72.88,72.40,72.47,71.98,72.05,72.06,72.49,72.47,72.86,72.14,71.63,71.40,71.29,71.64,71.59,71.76,71.40,71.58,71.38
2021-8-20 0:14:50,71.66,71.93,71.37,71.66,71.41,70.85,71.21,70.75,71.08,71.43,71.69,72.38,72.51,73.23,73.53,73.10,72.74,72.24,72.10,72.36
2021-8-20 0:14:51,72.52,72.41,72.36,71.44,70.73,70.26,69.94,70.30,70.62,70.55,70.46,70.06,70.11,70.31,69.94,70.34,69.99,69.98
2021-8-20 0:14:52,70.21,69.52,69.13,68.76,67.80,67.75,67.46,67.07,67.34,67.54,67.68,67.81,67.66,67.44,67.35,67.23,67.12,67.31,67.55,67.80
2021-8-20 0:14:53,68.06,67.88,67.84,67.33,66.88,67.22,66.67,66.58,66.64,66.12,66.38,66.76,66.77,66.93,67.14,66.92,66.35,66.16,65.99,66.28
2021-8-20 0:14:54,66.85,66.38,65.88,65.27,65.07,65.00,64.96,64.86,65.28,66.10,66.50,67.20,66.68,66.11,66.09,65.14,65.17,64.98,65.15,66.19
2021-8-20 0:14:55,67.04,67.61,67.72,67.42,67.03,66.98,67.40,68.22,68.65,69.35,68.93,68.70,68.64,68.20,68.21,68.52,68.16,67.61,68.01,67.50
2021-8-20 0:14:56,66.81,66.74,65.49,64.56,64.26,63.58,63.10,62.36,61.81,61.70,61.76,61.60,61.34,61.29,60.82,61.13,60.99,60.50,60.22,59.53
2021-8-20 0:14:57,59.32,59.86,60.01,59.76,60.03,59.28,59.07,59.19,59.23,58.83,58.45,58.11,57.93,58.39,58.70,59.17,58.86,58.84,58.36,57.91
2021-8-20 0:14:58,58.41,58.47,58.74,59.37,58.88,58.02,58.16,57.77,57.65,58.17,57.90,58.08,58.13,58.53,58.57,57.54,57.57,56.82,57.06,57.28
2021-8-20 0:14:59,57.59,58.51,57.83,58.32,57.99,57.55,57.82,57.71,57.49,57.14,57.48,57.40,57.52,57.54,57.50,57.35,57.32,57.32,57.14,57.33
2021-8-20 0:15:0,57.03,57.57,57.70,57.79,58.19,57.80,57.41,57.31,57.48,57.66,58.03,58.12,58.25,57.92,57.85,57.31,57.41,57.45,57.31,58.01
2021-8-20 0:15:1,57.81,57.73,57.82,58.25,58.32,59.22,59.42,59.17,58.89,58.40,58.97,59.09,59.85,59.97,59.77,59.82,59.52,59.38,59.53,60.11
2021-8-20 0:15:2,60.28,60.61,60.77,60.28,60.56,60.85,61.13,61.39,61.25,61.70,61.83,62.04,62.56,62.89,63.45,63.91,63.61,63.20,63.11,63.14
2021-8-20 0:15:3,63.98,64.61,64.81,64.80,64.81,64.77,65.11,65.34,65.15,64.50,63.81,63.71,63.75,64.43,64.66,65.32,65.65,65.83,65.93,65.74
2021-8-20 0:15:4,65.75,65.69,65.66,65.28,64.74,64.33,64.29,64.47,64.56,64.55,64.07,63.80,63.84,64.17,64.38,64.41,64.89,64.77,65.09,65.24
2021-8-20 0:15:5,65.21,65.40,65.53,65.70,65.97,66.15,66.03,65.80,64.97,64.85,64.59,64.06,64.53,64.27,64.57,65.20,65.12,65.52,65.87,66.58
2021-8-20 0:15:6,67.40,67.81,67.96,67.83,67.51,67.14,66.82,66.99,66.65,67.52,67.82,67.85,68.36,68.30,69.02,69.33,69.55,69.42,68.64,68.50
2021-8-20 0:15:7,69.27,69.75,70.51,70.49,70.43,70.19,70.64,70.56,70.26,70.86,70.51,71.18,71.75,71.55,71.57,71.30,70.00,69.00,68.29,67.29
2021-8-20 0:15:8,66.28,65.69,64.57,64.12,64.35,64.01,64.57,64.39,63.92,63.44,62.51,62.16,62.38,62.51,62.49,62.43,61.93,61.86,61.82,61.94
2021-8-20 0:15:9,61.98,61.31,60.73,60.38,59.84,59.89,59.96,59.83,60.02,59.60,59.42,59.01,58.45,58.45,58.53,58.39,58.52,58.64,58.68,58.91
2021-8-20 0:15:10,58.99,59.26,59.04,58.67,58.55,58.12,57.74,57.78,57.67,57.71,57.61,57.60,58.16,58.02,57.69,57.68,57.74,57.17,57.75,57.85,57.33
2021-8-20 0:15:11,57.76,57.60,57.06,56.69,56.95,57.20,57.27,57.26,57.08,56.95,56.97,57.58,57.57,57.38,57.63,57.20,57.89,58.53,58.59,58.67
2021-8-20 0:15:12,58.71,58.91,59.23,59.31,58.87,58.81,58.47,58.85,59.03,58.88,59.50,59.64,59.98,60.07,59.59,59.85,59.85,59.78,60.65,60.69,60.77
2021-8-20 0:15:13,61.06,60.78,60.95,60.92,61.35,61.93,61.94,62.21,62.28,61.86,62.42,62.76,62.80,63.07,62.92,62.90,63.28,63.40,63.88,64.13
2021-8-20 0:15:14,63.89,64.10,63.77,64.05,64.05,64.34,64.40,64.21,64.65,64.37,64.26,64.18,63.48,63.48,62.75,62.23,62.08,62.25,62.58,62.62
2021-8-20 0:15:15,62.78,62.18,62.02,62.09,61.83,61.93,62.83,62.58,62.54,62.90,62.39,62.82,63.07,62.43,62.10,61.74,61.50,61.99,61.93,62.26
2021-8-20 0:15:16,62.45,62.44,62.91,62.60,62.90,62.85,62.39,62.92,62.74,62.61,62.91,62.40,62.23,62.42,62.33,62.52,62.79,62.70,62.49
2021-8-20 0:15:17,62.57,62.61,62.75,62.40,61.97,61.60,60.77,61.26,61.55,61.94,62.76,63.11,63.60,64.35,65.22,65.57,65.77,65.43,64.56,63.92
2021-8-20 0:15:18,63.60,63.81,64.24,64.83,65.09,65.15,64.99,64.87,65.12,65.24,65.36,65.48,64.88,64.44,63.95,63.45,63.40,63.47,63.81,64.29
2021-8-20 0:15:19,64.63,64.70,65.12,65.10,65.06,65.05,64.73,64.86,65.32,65.36,65.11,64.91,64.63,64.54,64.36,64.65,65.40,65.68,66.78,67.64
2021-8-20 0:15:20,66.89,66.76,66.15,65.09,65.60,66.25,66.78,67.55,68.02,68.03,69.25,68.88,68.61,69.00,68.17,68.25,67.88,67.11,66.85,67.49,68.01
2021-8-20 0:15:21,68.30,68.75,68.04,67.81,68.10,67.78,68.64,68.55,68.04,68.16,67.61,67.69,68.28,68.39,68.52,68.79,69.23,69.45,69.94,70.49
2021-8-20 0:15:22,70.08,70.00,70.37,70.32,70.77,71.00,70.43,69.40,68.36,67.58,66.36,66.18,65.87,65.60,66.41,67.06,67.67,67.82,67.73,67.32
2021-8-20 0:15:23,66.90,67.24,66.96,66.91,66.43,65.83,65.51,65.51,65.67,65.74,66.05,65.81,65.65,65.89,66.01,66.36,66.90,66.94,67.42,67.39,67.46
2021-8-20 0:15:24,67.20,66.91,66.80,66.78,66.97,66.94,66.82,66.74,67.41,67.64,68.42,68.67,68.11,67.43,66.84,66.35,65.91,65.71,64.96,64.47
2021-8-20 0:15:25,64.30,64.59,64.48,64.21,64.16,63.42,63.83,63.76,63.59,63.72,63.44,64.27,64.32,63.81,62.76,62.13,61.63,61.95,62.58,62.60
2021-8-20 0:15:26,63.08,62.96,63.34,63.98,63.58,64.01,63.54,62.93,62.83,62.59,62.69,63.00,62.87,63.00,63.16,62.96,63.21,62.58,62.21,61.74,61.56
2021-8-20 0:15:27,62.25,62.70,62.84,63.24,62.57,63.46,63.10,62.82,63.21,62.28,62.46,62.90,63.10,63.04,63.38,63.15,63.38,63.36,63.44,63.44
2021-8-20 0:15:28,63.16,63.28,63.79,64.03,64.28,64.39,64.79,64.92,65.58,65.86,65.60,65.87,65.33,65.75,65.57,65.25,65.44,65.04,64.65,64.46
2021-8-20 0:15:29,63.96,63.51,63.27,63.36,63.80,63.67,63.79,63.56,63.11,63.30,63.37,63.37,62.95,63.29,63.28,63.60,64.32,64.43,64.68,64.87
2021-8-20 0:15:30,64.82,64.94,65.71,65.87,66.48,66.00,65.21,65.00,64.46,64.98,65.65,65.79,66.48,66.78,67.39,67.99,67.89,67.87,66.83,66.45
2021-8-20 0:15:31,66.02,65.35,65.34,64.99,64.77,64.82,64.84,64.03,63.74,63.67,63.65,64.63,65.11,65.20,65.33,64.75,64.64,64.91,64.79,65.13
2021-8-20 0:15:32,64.86,64.85,65.32,65.19,65.32,64.69,64.10,63.59,63.51,64.33,64.43,64.85,64.20,63.73,63.66,63.81,64.33,64.44,64.35,63.73
2021-8-20 0:15:33,63.63,63.44,63.32,63.64,63.80,63.57,63.53,64.47,64.40,64.11,63.67,62.95,62.72,62.29,63.09,62.58,62.53,62.97,62.05,62.21
2021-8-20 0:15:34,62.03,62.16,62.32,62.33,62.27,62.40,63.12,63.09,62.77,62.73,61.89,61.58,61.72,61.16,60.50,60.28,60.49,60.08,60.16,60.31
2021-8-20 0:15:35,60.21,60.96,60.85,61.67,61.56,61.57,62.57,61.81,61.17,61.34,60.56,60.32,60.84,59.84,59.36,59.64,59.59,60.06,60.50,60.48
2021-8-20 0:15:36,60.51,60.41,60.61,60.60,60.67,60.95,61.39,61.72,62.02,62.28,62.27,61.72,62.01,61.53,61.51,61.69,61.42,62.00,62.10,62.41,62.13
2021-8-20 0:15:37,62.01,61.97,62.32,62.56,63.02,63.44,63.81,64.55,64.69,64.69,64.46,64.27,63.81,64.14,64.12,64.67,65.63,65.65,65.92,65.84
2021-8-20 0:15:38,65.38,64.90,65.00,64.55,64.97,65.40,65.31,65.59,65.41,65.79,66.34,66.42,66.82,66.71,66.35,66.26,65.85,65.79,66.05,66.19
2021-8-20 0:15:39,66.32,66.32,66.28,66.58,66.56,66.40,66.22,66.50,66.64,66.26,66.12,65.63,65.01,65.44,65.46,65.29,65.19,64.86,64.92,65.13
2021-8-20 0:15:40,65.36,65.51,65.37,65.17,65.33,64.99,64.69,64.07,63.45,63.30,63.07,63.12,63.10,62.99,62.86,62.91,63.14,63.11,63.25,63.28
2021-8-20 0:15:41,63.26,63.06,63.62,63.98,63.61,63.67,62.83,61.94,61.79,62.08,62.11,61.79,61.73,61.16,61.09,61.88,61.54,62.05,61.97,61.75
2021-8-20 0:15:42,61.65,61.43,60.99,60.51,61.51,61.35,61.99,62.84,62.37,62.74,62.57,62.28,62.56,62.52,62.35,62.29,62.05,62.16,62.78,62.74
2021-8-20 0:15:43,62.89,63.30,63.11,63.30,63.70,63.72,63.97,64.22,64.43,63.79,64.02,64.28,63.67,64.09,63.97,63.93,64.01,64.08,64.24,63.81
2021-8-20 0:15:44,64.24,63.85,63.67,64.33,65.03,65.74,66.50,66.68,66.67,67.06,66.51,66.19,66.25,65.86,65.88,65.76,65.58,65.83,66.55,66.79
2021-8-20 0:15:45,66.70,66.61,65.93,66.24,66.79,66.96,66.94,67.01,66.89,66.89,67.23,67.29,66.99,66.75,66.67,66.70,66.78,67.08,66.82,65.38,64.88
2021-8-20 0:15:46,64.40,64.61,64.94,64.71,64.36,64.14,64.14,63.46,63.00,61.76,61.37,60.94,60.92,61.28,61.33,61.62,61.59,60.91,60.51,60.21
2021-8-20 0:15:47,60.01,60.56,60.21,59.97,60.09,60.28,60.79,61.14,61.11,61.15,61.30,61.26,61.57,61.45,60.74,60.98,61.01,61.30,62.72,63.30
2021-8-20 0:15:48,63.68,64.13,64.41,64.74,64.80,64.49,64.55,64.89,65.54,66.03,66.12,65.66,65.16,64.91,64.13,63.83,63.08,62.41,62.49,62.40
2021-8-20 0:15:49,62.35,62.16,62.42,62.00,62.35,62.73,62.10,62.47,61.91,61.70,62.08,62.22,62.77,62.86,62.49,62.27,61.97,61.80,61.85,61.45
2021-8-20 0:15:50,61.34,61.87,62.05,62.26,62.22,61.25,60.78,60.60,60.85,61.20,61.61,62.03,61.36,61.47,61.14,60.86,61.29,61.43,61.48,61.16
2021-8-20 0:15:51,61.12,60.89,60.44,60.53,59.88,59.36,59.59,59.97,61.41,61.96,62.91,62.95,62.59,63.04,62.87,63.01,63.09,63.52,63.00,63.09
2021-8-20 0:15:52,62.86,62.36,63.10,63.66,64.15,64.63,64.81,64.69,64.78,64.66,64.38,63.80,63.49,63.09,62.73,63.16,63.21,63.56,63.93,63.95
2021-8-20 0:15:53,63.99,64.01,63.94,64.28,64.67,64.89,65.40,65.16,64.90,64.84,65.31,65.45,66.15,66.78,66.65,67.13,67.37,67.98,68.54,68.93
2021-8-20 0:15:54,69.53,69.60,70.24,71.10,71.75,72.39,72.11,72.19,71.87,71.59,71.54,70.36,70.18,69.16,68.07,67.50,65.88,65.59,65.10,64.75
2021-8-20 0:15:55,64.78,64.39,64.19,64.30,64.39,64.06,64.50,64.61,64.82,65.19,65.08,64.70,64.65,64.53,64.11,64.62,64.15,63.62,63.97,63.63
2021-8-20 0:15:56,63.70,64.18,64.32,64.56,64.87,64.83,64.85,65.08,65.42,65.91,66.23,65.57,65.67,64.86,64.38,65.32,65.13,66.05,66.24,66.48
2021-8-20 0:15:57,66.71,66.91,67.31,67.19,67.55,67.84,67.93,68.34,68.35,68.44,69.09,69.04,69.39,69.49,69.89,70.32,70.22,70.36,69.77,69.15
2021-8-20 0:15:58,68.68,68.78,67.82,66.92,66.99,65.79,66.28,67.04,66.86,67.28,67.10,66.97,66.81,67.19,67.74,67.29,67.23,66.42,66.05,66.04
2021-8-20 0:15:59,65.89,66.52,66.58,66.66,66.39,65.82,64.95,64.83,65.52,65.87,66.04,66.47,66.34,66.07,66.73,66.44,65.85,65.85,65.38,65.13,65.51
2021-8-20 0:16:0,65.07,65.26,65.10,64.19,63.78,63.66,63.35,63.83,63.98,63.45,63.28,63.27,62.83,62.73,63.22,63.37,63.46,63.50,62.72,61.88
2021-8-20 0:16:1,61.62,61.15,61.27,61.79,62.05,62.64,62.31,61.99,62.27,61.86,62.22,62.35,61.89,60.92,60.93,60.75,60.47,61.27,61.60,61.41
2021-8-20 0:16:2,61.54,61.83,61.11,60.80,60.89,60.50,60.55,60.74,61.36,61.54,61.89,61.31,61.01,60.78,60.77,60.81,60.42,60.33,59.79,60.73
2021-8-20 0:16:3,60.57,60.69,60.74,60.29,60.55,60.60,60.85,60.96,60.88,60.75,60.65,60.64,60.91,61.00,60.70,61.03,61.25,61.48,62.01,61.78
2021-8-20 0:16:4,61.68,61.68,61.53,61.62,61.57,61.73,62.62,62.99,63.42,63.57,63.71,64.05,64.55,64.95,64.87,65.30,65.38,65.58,66.09,65.86
2021-8-20 0:16:5,65.94,66.57,66.23,66.90,67.07,66.63,67.20,66.69,65.92,65.46,64.48,64.05,64.10,64.51,64.75,64.81,65.01,64.79,64.60,64.53
2021-8-20 0:16:6,64.45,64.42,64.73,64.68,64.61,64.51,65.27,65.63,65.72,65.70,64.77,64.82,64.80,64.49,64.36,64.33,64.84,64.93,65.06,65.14
2021-8-20 0:16:7,65.03,65.68,66.18,66.09,65.93,66.18,66.22,66.86,67.29,67.33,67.47,67.38,67.07,66.59,66.68,65.87,65.47
2021-8-20 0:16:8,65.07,64.20,64.36,64.36,64.68,64.92,64.92,64.63,64.21,64.06,63.85,64.25,64.09,63.61,63.83,63.12,63.08,63.52,63.28,63.39
2021-8-20 0:16:9,63.39,63.25,63.05,63.33,63.31,63.70,63.71,63.81,63.85,63.62,62.99,62.89,62.79,62.75,63.32,63.36,63.79,63.89,63.33,63.48
2021-8-20 0:16:10,63.48,63.25,63.64,63.56,63.23,62.99,63.31,63.13,63.53,63.51,63.14,63.46,63.35,63.48,63.57,63.31,62.70,62.26,62.13,61.87
2021-8-20 0:16:11,61.97,62.40,62.35,62.29,63.18,63.08,63.23,63.36,62.51,62.62,61.93,61.38,60.91,60.55,60.88,61.47,61.94,62.05,62.19,61.76,61.72
2021-8-20 0:16:12,61.75,61.85,61.68,61.68,61.28,61.47,61.84,61.67,62.01,61.64,61.87,62.19,62.30,62.23,61.20,60.60,60.22,60.26,61.04,61.00
2021-8-20 0:16:13,60.87,60.46,60.76,60.73,61.40,61.76,61.52,62.23,62.03,62.16,61.47,61.16,61.29,61.21,61.67,61.56,61.22,61.44,61.52,61.75
2021-8-20 0:16:14,61.47,61.30,61.73,61.44,61.91,61.67,61.60,62.25,61.86,62.10,61.76,61.51,61.41,61.52,61.24,60.99,61.44,61.63,62.43,61.93
2021-8-20 0:16:15,61.86,61.51,60.35,61.03,60.79,61.36,61.69,61.37,62.01,61.50,61.66,61.66,61.19,61.15,60.97,61.21,61.02,60.57,60.68,60.24,60.34
2021-8-20 0:16:17,60.45,60.52,60.58,60.63,61.15,61.13,61.26,61.10,61.08,61.03,60.51,60.14,59.19,59.39,59.68,59.92,60.79,60.49,60.73,60.52,60.60
2021-8-20 0:16:18,60.70,60.51,60.71,60.01,60.08,60.07,60.29,60.84,60.68,60.69,60.32,60.13,60.45,60.02,60.08,59.25,58.88,59.42,59.32,59.91
2021-8-20 0:16:19,59.31,59.28,59.61,59.69,59.84,59.56,59.45,59.45,59.52,59.43,59.29,59.52,59.82,59.98,59.66,58.93,59.12,58.91,59.36,59.67
2021-8-20 0:16:20,59.55,59.65,59.19,58.92,59.02,59.63,60.34,60.20,59.53,59.12,58.91,59.25,59.70,59.61,59.53,59.82,60.23,60.27,60.35,60.20
2021-8-20 0:16:21,59.91,59.98,60.08,60.04,60.40,61.28,61.27,62.08,62.22,62.04,62.74,62.98,63.28,63.93,64.23,64.32,65.15,64.80,64.70,65.14
2021-8-20 0:16:22,64.93,64.73,65.16,65.40,65.22,66.15,66.08,65.88,66.08,66.27,66.14,65.92,65.57,65.16,64.99,64.31,64.31,62.64,61.66,61.83
2021-8-20 0:16:23,61.31,62.01,62.41,62.14,62.14,61.90,61.63,61.72,61.66,61.97,62.28,61.58,61.74,61.87,62.13,62.78,62.67,61.60,61.38,60.79
2021-8-20 0:16:24,60.41,60.83,60.58,60.85,60.27,60.64,60.15,60.71,61.55,60.88,61.12,60.79,60.58,61.32,61.46,61.08,61.13,61.42,61.41,61.37,60.95
2021-8-20 0:16:25,60.71,60.95,61.08,60.99,60.62,60.72,61.12,61.31,61.38,60.65,60.35,60.73,60.77,61.49,61.23,61.10,61.16,60.84,61.22,61.13,61.52
2021-8-20 0:16:26,61.59,61.33,61.07,60.29,60.40,60.33,60.55,60.77,60.86,60.80,60.72,60.36,59.58,59.85,59.91,60.25,60.42,59.97,60.25,60.21
2021-8-20 0:16:27,59.78,59.96,59.54,60.24,61.23,61.95,61.91,61.20,60.65,60.44,60.71,60.81,60.73,60.25,60.31,60.10,60.35,60.47,60.53,60.84
2021-8-20 0:16:28,60.29,60.24,60.33,60.78,61.39,61.22,61.26,60.70,61.39,61.50,60.87,60.86,60.40,60.70,60.57,60.71,60.57,60.70,60.60,60.24
2021-8-20 0:16:29,60.25,60.27,61.07,60.71,60.52,60.27,60.43,60.67,60.63,61.24,61.15,62.10,62.17,61.00,60.84,60.25,60.22,60.59,59.69,59.73
2021-8-20 0:16:30,59.99,60.19,60.42,59.85,60.02,60.45,60.89,61.35,60.53,60.90,61.10,61.76,62.45,61.19,61.37,61.22,60.81,61.27,60.87,60.66,60.95
2021-8-20 0:16:31,60.93,60.84,60.10,60.60,61.01,61.02,61.22,61.12,60.86,61.48,61.76,61.04,60.90,60.57,60.63,60.63,60.40,60.81,60.70,60.87
2021-8-20 0:16:32,60.85,60.45,60.09,60.30,60.20,60.00,60.23,60.17,60.00,60.04,60.20,59.95,60.28,60.36,60.29,60.25,60.76,60.83,60.38,61.11
2021-8-20 0:16:33,61.25,61.05,61.48,60.84,60.44,59.88,59.79,60.01,60.28,60.00,59.86,59.85,59.56,59.86,59.71,59.63,59.71,60.77,61.09,60.76
2021-8-20 0:16:34,60.46,59.95,60.10,60.20,60.08,60.73,60.91,61.46,61.81,61.27,60.81,60.78,60.74,60.04,59.78,59.18,59.51,60.14,60.94,60.93
2021-8-20 0:16:35,60.47,60.71,60.72,60.96,60.65,60.36,59.80,60.00,60.42,59.88,60.44,60.84,60.86,61.27,61.10,60.54,60.46,60.90,60.84,60.24
2021-8-20 0:16:36,60.21,60.19,60.09,60.58,60.29,60.23,60.54,60.73,60.45,59.92,59.66,59.87,60.97,60.96,60.35,60.12,59.49,59.97,60.16,60.18
2021-8-20 0:16:37,60.26,60.54,60.44,59.78,59.52,59.35,60.16,60.67,60.85,60.54,60.46,60.92,60.52,60.22,59.84,59.33,59.96,60.11,59.91,60.10
2021-8-20 0:16:38,60.61,61.19,61.56,61.42,60.92,60.83,60.48,60.13,60.12,60.09,60.83,61.47,61.43,61.41,61.45,61.59,61.22,60.55,60.11,60.05
2021-8-20 0:16:39,60.59,60.68,60.29,60.27,60.69,60.88,60.98,60.83,60.42,60.37,60.75,60.61,59.99,60.12,59.87,59.24,59.26,59.26,59.26,59.93,60.02
2021-8-20 0:16:40,59.77,60.30,60.59,60.63,60.50,59.76,59.47,59.92,60.10,59.97,59.70,59.56,59.79,60.14,59.93,59.54,59.51,59.45,60.39,60.57,60.92
2021-8-20 0:16:41,61.36,60.94,61.21,60.75,59.97,60.18,60.08,60.05,60.11,59.40,59.48,60.06,60.39,60.62,59.81,59.38,59.70,59.90,60.22,60.90
2021-8-20 0:16:42,60.94,60.48,60.90,59.88,60.02,60.40,60.38,60.43,59.36,59.38,59.37,59.55,60.30,60.30,60.15,60.24,60.04,59.95,60.07,60.28
2021-8-20 0:16:43,60.61,60.58,60.06,60.03,60.01,59.92,60.63,60.29,60.05,60.54,60.61,61.28,61.06,61.12,60.81,60.76,61.01,60.25,60.49,60.03
2021-8-20 0:16:44,59.72,59.48,59.34,59.75,59.79,59.99,59.35,58.47,58.89,59.48,60.71,60.88,60.73,60.04,59.30,59.56,59.33,60.25,60.30,60.38
2021-8-20 0:16:45,60.38,60.29,59.72,59.73,59.75,59.23,60.28,59.77,59.47,59.79,59.51,59.81,60.15,59.72,59.52,59.98,60.42,60.62,60.68,60.54,59.90
2021-8-20 0:16:46,59.98,59.93,60.09,60.40,60.71,60.70,60.70,60.65,60.23,60.05,59.61,59.58,59.88,60.02,60.63,61.05,61.30,61.66,61.20,60.63
2021-8-20 0:16:47,59.91,59.65,59.81,60.84,61.24,61.05,60.63,59.88,60.29,60.48,61.00,61.04,60.85,60.73,60.54,60.42,60.49,60.91,60.80,60.49
2021-8-20 0:16:48,59.76,59.69,60.27,60.67,61.39,61.08,61.15,61.59,61.20,60.82,60.09,59.74,60.01,60.41,60.87,60.72,60.83,60.78,60.57,60.28
2021-8-20 0:16:49,59.74,60.18,59.95,60.17,60.50,60.22,60.56,61.08,61.55,61.56,61.14,60.79,60.74,60.63,60.60,60.25,59.78,60.04,59.95,60.16
2021-8-20 0:16:50,59.82,59.50,59.90,60.03,60.23,60.40,60.17,60.21,60.17,60.48,60.45,60.54,60.12,59.74,60.10,59.82,60.56,60.33,59.66,59.63
2021-8-20 0:16:51,59.27,59.45,59.94,59.95,60.15,60.22,60.18,60.48,59.48,59.13,59.66,59.71,60.52,60.78,59.86,59.77,60.27,60.41,60.60,60.67
2021-8-20 0:16:52,60.38,60.74,60.75,61.07,61.19,60.66,60.68,59.98,59.58,59.43,59.86,59.96,59.87,59.99,60.09,60.44,60.57,60.77,60.77,60.16
2021-8-20 0:16:53,60.47,60.54,60.19,60.41,59.81,59.90,60.01,59.77,60.11,60.14,60.30,60.62,60.69,60.38,59.94,59.60,59.91,60.02,60.27,60.69
2021-8-20 0:16:54,61.37,61.52,61.56,61.50,60.41,60.76,60.73,61.44,61.94,61.43,61.54,60.74,60.90,60.65,60.62,61.15,61.23,61.75,62.24,61.60
2021-8-20 0:16:55,61.27,60.97,60.94,61.69,62.08,62.25,62.05,61.78,61.66,61.57,60.77,60.68,60.18,60.76,61.22,61.18,61.80,61.15,61.34,61.59
2021-8-20 0:16:56,61.01,61.22,61.45,61.02,61.07,61.49,61.82,62.09,62.56,62.35,62.31,62.60,62.67,62.71,61.61,61.49,61.42,61.64,62.46,62.59
2021-8-20 0:16:57,61.69,61.30,62.15,62.44,63.41,64.15,62.85,62.12,61.57,60.98,60.97,60.60,61.85,62.46,63.58,64.41,63.23,61.90,60.49,60.71
2021-8-20 0:16:58,61.37,62.85,63.17,62.46,61.66,61.10,61.10,61.08,61.68,62.30,62.70,63.08,63.12,61.73,61.75,61.99,61.56
2021-8-20 0:16:59,62.98,62.68,62.56,62.56,62.42,62.48,62.32,62.94,61.79,61.35,61.07,60.65,60.70,61.55,61.42,61.25,61.61,61.53,62.08,62.10,61.92
2021-8-20 0:17:0,61.26,60.99,60.97,60.48,61.03,62.66,62.68,63.01,63.13,61.04,60.78,60.92,60.55,60.91,61.18,61.21,61.24,61.56,61.19,61.09
2021-8-20 0:17:1,61.46,61.98,62.12,62.22,63.09,61.85,61.78,62.39,61.49,61.73,63.35,62.87,62.18,63.82,62.78,62.51,63.42,62.60,62.63,62.61
2021-8-20 0:17:2,62.85,63.10,63.06,63.62,63.22,62.63,62.19,61.66,62.74,62.47,62.79,64.38,63.04,63.70,64.67,63.18,63.30,64.37,63.73,64.05
2021-8-20 0:17:3,64.99,63.26,62.96,63.38,64.24,64.32,63.89,63.84,61.80,61.11,61.30,60.34,60.45,61.19,62.61,62.60,62.73,62.97,61.65,61.83
2021-8-20 0:17:4,61.99,63.23,62.85,63.48,64.81,62.87,63.12,63.10,61.06,60.89,60.97,61.78,61.93,63.01,63.80,62.88,62.51,61.88,61.39,60.67,61.02
2021-8-20 0:17:5,62.08,63.44,65.01,66.07,67.00,65.78,64.91,64.17,63.08,62.66,62.28,63.35,62.26,62.35,62.63,61.81,61.93,62.03,62.12,61.59,61.64
2021-8-20 0:17:6,62.10,62.35,62.51,62.28,61.90,62.89,62.48,63.09,62.38,60.51,61.29,60.99,63.01,63.11,62.83,63.57,62.07,62.53,62.55,62.09
2021-8-20 0:17:7,61.62,61.74,62.13,61.52,62.06,61.48,61.03,61.23,61.06,62.83,62.56,62.76,64.65,65.01,67.27,68.38,67.70,67.99,68.83,70.49
2021-8-20 0:17:8,72.27,73.40,74.34,75.27,75.55,75.80,75.28,74.62,75.40,75.26,75.73,76.35,76.40,76.99,76.96,77.20,76.99,77.06,77.00,77.14
2021-8-20 0:17:9,77.03,77.03,77.02,77.03,77.18,77.08,77.11,77.00,77.49,77.22,77.49,77.28,77.02,77.08,76.94,77.65,77.22,77.56,77.47,77.07
2021-8-20 0:17:10,77.08,76.68,77.10,77.10,77.17,77.65,77.03,76.52,76.16,75.59,75.22,74.97,74.81,74.97,75.58,75.54,75.73,75.70,75.00,75.02
2021-8-20 0:17:11,75.83,75.43,76.07,76.80,76.30,76.79,76.99,76.65,76.76,76.73,77.03,77.65,77.28,77.15,76.80,76.08,75.96,75.11,74.18,73.60
2021-8-20 0:17:12,73.33,73.70,72.98,72.14,71.24,70.37,70.59,70.69,70.86,71.32,71.16,71.25,70.77,70.26,70.15,70.70,71.30,71.98,71.71,71.26,71.11
2021-8-20 0:17:13,70.73,72.68,73.52,74.17,75.68,75.14,75.60,75.46,74.36,73.78,72.52,72.30,72.77,72.93,73.99,74.85,74.97,76.14,75.92,75.26
2021-8-20 0:17:14,74.78,73.74,72.55,71.77,71.22,70.41,70.80,70.79,69.91,69.27,68.60,68.47,68.41,69.23,69.30,69.28,69.53,69.54,69.59,70.01
2021-8-20 0:17:15,70.27,70.37,70.30,70.45,70.73,70.77,70.94,71.06,71.25,71.57,72.04,72.13,72.60,72.17,72.49,72.14,71.44,71.13,70.86,70.82
2021-8-20 0:17:16,70.76,70.99,70.65,70.49,70.85,71.11,71.38,71.12,70.68,70.46,69.72,69.83,69.99,69.79,70.00,70.43,70.61,70.58,70.59,70.12
2021-8-20 0:17:17,69.49,69.11,69.39,69.33,69.70,69.71,69.28,68.90,68.56,68.86,68.81,69.21,69.52,69.89,70.07,70.67,70.51,69.96,69.95,69.18
2021-8-20 0:17:18,69.22,69.68,69.72,70.20,70.99,71.08,71.93,72.37,72.17,72.38,72.04,72.34,72.51,72.69,73.10,72.69,73.51,74.72,75.24,76.15
2021-8-20 0:17:19,75.95,75.39,75.23,76.13,76.39,76.36,76.85,76.54,77.26,78.40,78.92,78.84,78.88,78.33,78.45,79.24,79.22,79.31,79.32,78.69
2021-8-20 0:17:20,78.82,78.91,78.73,79.08,78.28,78.31,78.31,77.96,78.23,78.20,77.82,77.48,76.80,76.12,75.90,76.36,76.64,76.62,76.84,76.59
2021-8-20 0:17:21,77.05,77.57,77.43,77.60,77.70,77.60,78.16,78.37,78.53,78.90,78.96,78.47,78.27,77.99,77.01,77.05,76.74,75.97,75.97,75.47
2021-8-20 0:17:22,74.71,75.32,75.61,75.27,75.30,74.40,73.84,73.53,73.12,72.68,71.71,71.57,71.15,71.48,71.84,72.03,73.10,73.35,74.01,74.32
2021-8-20 0:17:23,73.33,72.40,71.91,71.11,71.08,70.96,70.19,70.03,69.63,69.34,68.97,68.61,68.14,67.74,68.00,68.28,68.21,67.98,67.42,66.16
2021-8-20 0:17:24,66.17,66.13,66.47,66.69,66.61,66.74,65.91,66.25,65.70,65.31,65.89,65.76,65.73,65.53,65.40,65.01,65.08
2021-8-20 0:17:25,65.19,64.61,64.68,64.35,64.55,64.72,64.40,64.93,65.05,65.28,65.65,65.21,64.98,65.02,65.10,65.02,65.29,65.59,65.73,66.22
2021-8-20 0:17:26,65.98,65.98,65.87,65.60,65.43,64.85,64.40,64.42,64.64,64.39,63.92,63.84,63.44,63.54,63.81,63.34,63.16,62.60,62.70,62.94
2021-8-20 0:17:27,63.24,63.65,63.52,63.32,63.05,62.68,62.30,62.12,62.08,61.98,62.30,62.27,62.28,61.98,61.73,61.98,61.28,61.90,62.10,61.82,61.66
2021-8-20 0:17:28,60.86,60.55,60.41,60.64,61.19,61.15,60.74,61.02,61.08,61.00,61.33,61.30,60.90,60.35,60.26,60.47,60.15,60.17,59.93,59.02
2021-8-20 0:17:29,59.26,60.34,60.78,61.35,61.52,61.25,61.45,61.71,62.02,61.85,61.65,61.77,61.50,61.09,61.19,61.05,61.30,61.70,62.09,62.13
2021-8-20 0:17:30,61.91,62.49,62.25,62.09,62.45,62.62,62.83,63.21,63.42,63.30,63.46,63.74,63.28,63.30,62.98,62.96,63.01,62.91,63.55,63.57
2021-8-20 0:17:31,64.26,64.52,64.23,64.12,64.58,64.46,64.81,65.65,65.40,65.29,65.25,65.41,66.21,67.30,67.53,67.58,66.99,66.91,67.65,68.04
2021-8-20 0:17:32,67.60,67.73,67.75,68.00,69.29,68.80,68.21,67.25,66.81,67.36,67.56,67.48,67.48,67.00,66.49,65.83,64.95,64.14,63.52,63.31
2021-8-20 0:17:33,63.29,63.20,63.38,63.57,63.27,63.85,63.95,64.17,64.40,64.29,64.47,65.39,65.76,66.10,66.76,67.07,68.32,68.91,69.65,70.04
2021-8-20 0:17:34,69.81,70.39,70.69,71.00,71.16,71.34,71.38,70.92,70.98,70.87,70.62,70.28,69.32,68.09,66.81,66.19,65.95,65.60,65.03,64.27,63.68
2021-8-20 0:17:35,63.34,63.11,62.98,62.86,62.64,62.59,62.70,62.47,62.91,63.45,63.47,64.02,63.91,64.09,64.25,64.34,64.45,64.83,65.28,65.27
2021-8-20 0:17:36,65.90,65.69,65.89,66.48,66.51,66.61,66.10,66.32,66.38,66.12,66.40,66.00,65.12,64.05,63.30,61.96,60.98,60.75,60.00,60.50
2021-8-20 0:17:37,61.29,61.53,62.23,61.96,62.51,62.64,62.42,62.40,61.65,61.64,61.67,61.59,61.32,61.57,61.43,61.77,62.18,61.76,61.89,61.89
2021-8-20 0:17:38,61.61,61.66,62.26,61.70,61.57,61.77,61.49,61.83,61.93,61.74,62.00,61.48,61.77,61.95,61.67,61.86,61.24,61.80,61.49,61.74
2021-8-20 0:17:39,62.29,61.47,62.00,62.09,61.32,61.71,61.52,61.57,62.55,61.93,61.67,61.92,61.51,62.28,62.43,61.91,62.29,62.54,62.67,63.37
2021-8-20 0:17:40,63.83,63.96,63.73,63.66,62.91,63.21,63.41,63.84,64.33,63.94,64.09,63.55,63.93,63.85,63.43,62.91,62.04,61.61,61.33,61.31,60.53
2021-8-20 0:17:41,60.74,60.73,60.83,61.22,60.32,60.51,60.73,61.02,62.05,61.83,61.60,61.23,60.75,61.85,62.31,62.91,63.67,63.32,63.17,64.17
2021-8-20 0:17:42,64.29,64.74,65.48,65.80,66.14,66.57,67.16,67.55,68.42,68.99,69.73,69.83,69.96,69.92,70.07,70.46,70.14,69.90,69.15,68.95
2021-8-20 0:17:43,68.56,68.41,67.89,67.11,67.17,66.63,66.43,65.75,65.36,64.99,63.98,63.61,62.61,62.39,62.23,61.67,61.61,61.13,61.27,61.12
2021-8-20 0:17:44,60.72,61.27,61.56,61.89,61.71,61.49,60.90,60.80,61.04,61.10,61.26,60.84,60.66,60.38,60.61,60.51,60.94,60.49,59.59,59.46
2021-8-20 0:17:45,58.97,58.61,58.77,58.57,58.20,58.71,59.01,59.43,60.31,60.28,59.68,59.64,59.73,60.02,60.70,60.81,60.39,60.40,59.84,59.74,59.54
2021-8-20 0:17:46,58.94,58.71,58.86,59.10,59.43,59.84,59.96,59.60,58.84,58.95,58.72,58.51,58.82,58.54,58.57,58.67,58.81,59.06,60.42,60.57
2021-8-20 0:17:47,60.64,60.80,59.29,59.50,59.45,59.72,60.59,60.60,61.03,61.14,61.16,61.45,61.61,61.98,61.70,61.68,61.78,61.12,60.97,60.88
2021-8-20 0:17:48,60.64,61.01,60.97,61.04,60.91,61.32,62.29,62.57,62.69,62.30,61.50,61.36,61.93,61.41,61.65,61.68,61.73,62.40,62.11,62.11
2021-8-20 0:17:49,61.62,61.70,62.53,62.35,62.91,62.58,62.12,63.00,62.38,62.90,62.78,62.02,62.09,61.76,61.56,61.34,61.37
2021-8-20 0:17:50,61.07,60.90,60.70,60.98,60.89,60.50,61.08,60.50,60.86,61.15,60.77,60.93,60.77,60.86,60.55,60.99,60.87,60.88,61.17,60.87
2021-8-20 0:17:51,60.83,60.75,60.91,60.45,60.67,61.54,61.44,62.07,62.17,61.93,62.77,62.90,62.63,62.56,62.25,62.32,62.59,62.68,62.04,61.90
2021-8-20 0:17:52,62.01,61.86,62.51,62.36,61.87,61.83,61.74,61.28,61.08,61.23,60.46,60.67,60.83,60.41,61.02,60.55,60.81,60.79,60.47,60.99
2021-8-20 0:17:53,60.64,60.29,60.56,60.69,60.69,60.83,60.27,59.70,59.57,59.86,60.16,60.09,60.75,60.63,60.59,61.12,60.74,60.34,60.19,59.96,60.04
2021-8-20 0:17:54,60.26,60.37,60.97,61.09,61.92,62.34,62.20,62.75,63.00,62.86,62.94,63.07,62.55,62.36,62.27,61.93,61.70,62.38,63.00,63.29
2021-8-20 0:17:55,63.83,64.07,64.33,64.46,64.91,65.02,65.00,65.22,65.07,64.52,64.01,62.93,62.45,62.18,61.76,62.25,62.24,62.00,62.26,62.25
2021-8-20 0:17:56,61.94,62.29,61.92,61.53,61.15,61.08,61.52,61.98,62.20,62.61,62.54,62.27,62.43,62.19,61.76,61.97,61.92,62.06,62.42,61.87
2021-8-20 0:17:57,61.93,61.35,61.38,61.95,62.21,62.54,62.07,61.40,61.51,61.76,62.18,62.81,62.49,62.20,62.84,62.40,62.17,62.39,62.44,62.82
2021-8-20 0:17:58,62.76,63.39,63.31,63.44,65.14,65.08,64.92,65.34,64.15,63.35,62.78,61.92,61.60,61.39,60.94,61.18,61.13,61.32,61.71,61.16
2021-8-20 0:17:59,60.63,60.46,60.58,61.22,61.66,61.52,61.88,61.47,61.35,61.92,61.49,61.05,61.11,61.00,60.85,62.39,62.54,62.60,63.41,62.99,63.09
2021-8-20 0:18:1,62.88,61.93,61.84,61.78,61.49,61.38,61.25,61.71,62.46,63.39,63.33,63.40,63.51,63.79,64.03,63.87,63.67,63.25,63.40,63.25
2021-8-20 0:18:2,63.70,64.34,64.20,64.27,63.63,62.95,62.52,62.71,62.64,63.13,63.16,62.90,63.25,62.31,62.91,62.77,62.66,62.98,62.17,62.33
2021-8-20 0:18:3,62.15,61.96,61.79,61.47,61.21,61.55,61.83,62.39,62.32,61.77,61.65,61.16,60.69,60.15,60.04,60.41,61.14,61.32,62.09,61.75,61.92
2021-8-20 0:18:4,61.90,60.69,60.66,60.17,60.08,60.45,60.24,60.07,59.70,59.18,59.07,59.15,59.57,59.77,59.38,59.25,59.52,59.31,59.30,59.34
2021-8-20 0:18:5,58.66,59.68,59.94,59.78,60.22,59.18,59.52,59.94,60.39,61.18,60.29,59.54,58.98,58.71,59.36,59.66,59.61,59.75,60.05,60.41,60.86
2021-8-20 0:18:6,61.00,60.02,59.86,59.62,59.86,59.87,59.87,59.91,59.04,59.96,59.69,59.57,59.91,59.58,59.96,59.96,60.02,60.07,59.91,59.74,59.84
2021-8-20 0:18:7,59.75,59.29,59.36,58.87,59.35,59.66,59.56,59.67,59.05,59.21,59.37,59.35,59.72,59.68,60.00,59.68,59.89,60.12,60.39,60.81
2021-8-20 0:18:8,60.07,60.55,60.15,59.79,60.37,59.70,60.01,60.17,59.78,59.55,59.33,59.03,58.94,59.02,58.46,58.60,58.43,57.90,58.00,58.58
2021-8-20 0:18:9,58.59,59.34,59.40,58.73,59.03,58.94,59.41,59.51,59.57,59.51,58.90,59.20,59.71,59.52,60.00,60.07,59.73,59.79,59.64,59.54
2021-8-20 0:18:10,59.33,59.49,60.11,60.16,59.68,59.70,59.70,60.03,60.59,60.82,60.33,60.44,60.23,59.93,60.24,59.99,60.38,60.47,60.31,60.36
2021-8-20 0:18:11,60.75,61.23,61.29,61.28,60.73,60.58,60.78,61.30,61.93,62.41,62.47,62.70,63.17,63.35,63.36,63.25,63.61,63.18,63.43,63.54
2021-8-20 0:18:12,63.12,63.65,64.12,64.30,64.02,64.01,63.91,63.74,64.43,64.50,64.41,64.87,64.45,64.34,63.94,63.39,62.93,62.29,62.40,62.15
2021-8-20 0:18:13,62.52,62.85,62.42,62.90,63.19,63.14,64.27,63.80,63.93,64.87,64.61,65.25,65.39,64.75,64.87,65.55,65.48,65.86,65.64,65.45
2021-8-20 0:18:14,65.34,65.63,66.39,66.31,66.09,66.10,65.57,65.76,66.43,66.48,67.20,67.20,67.62,67.52,67.74,67.83,68.16,68.22,67.47,67.82,66.76
2021-8-20 0:18:15,66.94,67.14,66.85,68.03,68.41,68.70,68.65,68.58,68.62,68.59,69.00,68.32,68.30,68.22,67.42,66.81,66.42,65.85,65.50,65.98
2021-8-20 0:18:16,65.74,65.81,66.19,66.43,66.69,66.96,67.00,65.90,65.44,65.02,64.99,65.32,65.22,65.42,65.25,65.46,65.25,65.28,65.12,65.18
2021-8-20 0:18:17,64.92,64.57,64.85,64.62,65.37,65.75,65.94,66.61,66.67,66.91,67.24,67.44,67.98,68.68,69.25,69.45,69.53,69.69,69.52,70.14
2021-8-20 0:18:18,70.39,70.58,70.67,70.45,70.86,71.37,72.18,72.86,73.44,73.63,74.01,74.48,74.79,75.10,75.43,75.27,75.91,75.90,75.60,76.25
2021-8-20 0:18:19,75.52,75.74,75.77,74.78,74.27,73.30,72.39,71.22,70.50,69.58,68.86,68.99,68.61,68.42,68.40,68.03,68.63,69.53,70.16,70.45
2021-8-20 0:18:20,70.20,69.35,69.32,69.80,70.13,70.59,70.05,69.42,69.40,69.24,69.13,68.74,67.81,67.25,66.44,66.17,65.52,64.66,64.53,64.22
2021-8-20 0:18:21,63.97,63.93,63.65,63.80,64.00,64.23,64.55,64.25,63.96,64.07,64.00,64.34,64.37,64.42,64.52,64.42,65.24,65.31,65.71,66.17,66.19
2021-8-20 0:18:22,66.40,66.05,66.42,65.60,65.21,65.28,64.70,64.85,65.12,65.03,64.99,64.71,64.32,64.17,64.19,64.60,64.70,64.48,63.91,63.62,63.30
2021-8-20 0:18:23,62.77,62.87,63.19,63.87,64.02,64.36,64.24,63.98,64.05,64.02,63.73,63.85,64.42,64.29,64.17,63.74,64.01,64.14,64.56,64.69
2021-8-20 0:18:24,64.53,64.43,64.57,65.27,65.82,66.23,66.70,66.76,66.53,66.45,66.00,65.28,64.92,64.67,64.84,64.70,64.68,64.58,64.43,64.84
2021-8-20 0:18:25,65.32,65.13,64.62,64.37,64.04,64.37,64.94,65.60,65.84,66.32,66.62,66.40,66.92,66.82,66.84,67.27,67.30,68.21,68.39,68.66,68.35
2021-8-20 0:18:26,67.89,68.41,68.62,68.69,68.83,68.61,68.31,68.59,68.30,68.14,68.07,67.47,67.49,67.15,67.20,67.71,67.33,66.99,66.26,65.67
2021-8-20 0:18:27,65.24,65.22,65.86,66.32,66.31,66.32,65.58,64.58,65.04,65.02,64.88,65.78,65.34,65.72,66.49,66.03,66.67,66.82,66.29,66.52,66.60
2021-8-20 0:18:28,65.96,66.09,66.29,67.51,68.55,69.45,69.98,69.41,69.22,69.45,69.75,70.39,71.28,71.36,70.96,70.82,69.89,69.93,70.02,69.37,69.60
2021-8-20 0:18:29,68.56,68.26,68.36,68.18,68.52,68.51,67.74,67.35,66.69,66.23,66.00,65.22,65.13,64.46,63.40,62.92,61.74,60.81,60.85,60.54
2021-8-20 0:18:30,60.78,60.26,59.59,59.46,59.24,59.84,59.61,59.73,59.50,58.83,59.20,58.66,58.72,58.98,58.89,59.10,59.24,59.11,59.01,59.06
2021-8-20 0:18:31,58.58,59.18,59.06,58.41,58.61,58.37,58.13,58.41,58.44,58.40,58.66,58.17,57.99,57.78,58.09,58.87,58.87,59.07,59.07,58.78
2021-8-20 0:18:32,58.79,58.51,58.16,58.57,58.56,58.52,58.84,58.12,57.51,57.83,57.16,57.69,58.17,57.88,57.81,57.69,57.24,57.07,57.09,57.20
2021-8-20 0:18:33,57.54,57.11,57.23,57.15,56.80,57.08,56.99,56.73,56.64,57.17,57.60,57.57,57.73,57.18,56.32,56.86,57.28,57.74,58.44,58.25
2021-8-20 0:18:34,58.20,58.29,58.44,57.83,57.47,56.63,56.63,56.63,56.25,56.73,56.52,57.21,57.52,57.20,57.23,57.43,57.57,57.67,57.34,56.68
2021-8-20 0:18:35,56.62,56.86,56.89,57.03,57.28,57.18,57.43,57.70,57.74,57.82,57.71,57.56,57.51,57.57,57.57,57.61,58.08,58.46,59.38,59.39
2021-8-20 0:18:36,58.70,58.12,57.81,58.13,58.68,59.13,58.95,59.31,59.27,59.33,59.65,59.51,60.22,60.68,61.07,61.04,61.35,60.95,61.07,61.34
2021-8-20 0:18:37,60.82,61.92,61.72,62.04,61.91,60.92,60.64,60.41,59.97,59.96,59.74,59.39,59.72,59.21,58.98,58.89,58.60,58.97,59.20,58.53
2021-8-20 0:18:38,58.86,59.00,58.84,59.32,59.10,59.06,59.00,58.39,58.13,58.11,58.24,58.65,58.28,58.59,57.96,57.70,58.57,57.93,58.00,58.33
2021-8-20 0:18:39,57.67,57.63,58.12,58.17,58.56,58.65,58.57,58.54,58.27,57.78,57.39,57.50,57.96,58.50,58.33,58.04,57.66,57.63,58.14,57.91
2021-8-20 0:18:40,57.92,57.49,57.02,57.09,57.11,57.20,57.16,57.19,56.76,57.06,57.09,56.97,57.30,57.07,56.83,57.14,57.08,57.04,58.06,57.56
2021-8-20 0:18:41,57.46,57.11,56.28,56.51,56.33,56.29,55.82,55.57,55.20,55.44,56.18,56.45,56.58,56.72,56.58,56.52,56.60
2021-8-20 0:18:42,55.91,56.06,55.35,54.86,55.65,55.27,55.59,55.73,55.54,55.67,55.53,55.70,55.75,55.42,55.70,56.18,55.96,56.23,56.54,56.11
2021-8-20 0:18:43,56.06,56.13,55.79,55.73,55.92,55.81,55.78,56.07,55.90,56.65,56.85,57.01,57.03,56.39,56.63,56.68,56.50,56.27,55.67,55.63
2021-8-20 0:18:44,55.66,56.08,56.11,55.93,55.97,55.90,56.17,55.89,55.77,55.42,55.32,55.66,56.13,56.54,56.21,56.71,56.31,56.42,56.83,56.17,56.24
2021-8-20 0:18:45,55.81,55.73,55.87,55.94,55.94,55.89,55.96,56.16,56.05,56.02,56.19,56.15,56.46,56.93,56.79,56.73,57.06,56.63,56.78,57.14
2021-8-20 0:18:46,56.78,57.48,57.56,57.30,57.78,57.55,57.62,58.02,57.99,58.08,58.16,57.86,57.71,58.05,57.84,57.41,57.40,56.57,55.83,56.49
2021-8-20 0:18:47,56.82,57.00,57.25,56.61,56.09,56.33,56.57,56.98,57.08,56.71,56.58,56.46,56.32,55.92,55.38,55.42,55.62,56.39,56.93,57.10
2021-8-20 0:18:48,56.99,56.82,57.53,57.24,56.72,56.32,55.90,55.93,56.01,56.18,56.07,56.02,56.21,55.99,55.89,56.08,56.16,56.63,56.62,56.41
2021-8-20 0:18:49,56.37,56.26,56.25,56.44,56.61,56.30,56.29,56.41,57.06,57.34,56.77,56.83,56.10,55.93,56.27,55.77,55.99,56.09,56.39,56.56
2021-8-20 0:18:50,56.08,55.90,55.91,55.77,56.19,56.39,56.27,56.67,56.75,56.73,56.36,56.23,56.04,56.12,56.43,55.89,55.50,55.52,55.69,55.88
2021-8-20 0:18:51,56.55,56.26,55.92,55.71,54.99,54.47,54.35,54.21,54.21,54.69,54.62,54.91,55.32,56.13,56.70,57.20,57.44,56.89,56.55,56.36
2021-8-20 0:18:52,55.51,54.95,54.80,54.14,54.69,54.74,55.07,55.85,55.97,56.75,56.57,56.27,56.31,55.76,55.76,55.31,55.11,54.79,54.71,55.09,54.51
2021-8-20 0:18:53,54.86,55.15,55.60,56.48,56.82,56.52,56.02,55.37,55.19,55.19,54.70,54.47,53.85,53.59,53.46,53.33,53.84,54.32,54.87,55.82,56.39
2021-8-20 0:18:54,56.47,56.68,55.99,55.55,55.09,54.79,54.91,54.45,54.60,54.51,54.80,54.94,54.95,55.20,55.26,56.15,56.84,57.45,57.88,57.51
2021-8-20 0:18:55,56.99,56.49,55.76,55.39,55.00,54.71,54.69,54.14,54.32,54.23,54.01,54.59,55.06,55.53,56.23,56.22,55.85,55.82,55.35,55.23,54.96
2021-8-20 0:18:56,54.63,54.61,53.97,54.21,53.82,53.42,54.31,54.68,55.57,56.36,56.68,56.54,56.48,56.18,55.55,55.21,54.44,54.30,54.19,54.25
2021-8-20 0:18:57,54.34,54.24,54.75,55.06,55.55,56.19,56.07,56.06,55.96,55.84,55.79,55.73,55.20,54.65,54.14,53.82,53.70,54.14,54.70,54.92,56.07
2021-8-20 0:18:58,56.52,56.71,56.82,56.63,56.06,55.81,55.46,55.00,55.02,54.84,55.03,54.99,54.81,54.74,55.02,55.53,56.31,56.90,56.81,56.54,56.26
2021-8-20 0:18:59,56.15,55.47,55.45,54.91,54.30,54.52,54.36,54.44,54.93,55.74,56.18,56.69,56.95,56.88,56.98,56.54,56.11,55.63,55.11,54.89
2021-8-20 0:19:0,54.74,54.57,54.73,54.48,54.55,55.24,55.88,57.02,57.40,57.40,56.88,56.62,56.57,56.07,56.15,55.73,55.49,55.59,55.07,55.10
2021-8-20 0:19:1,55.29,55.44,55.94,56.30,56.59,56.80,57.09,56.97,57.04,56.70,56.16,55.88,55.47,55.11,55.17,55.39,55.17,55.19,55.29,55.36,55.49
2021-8-20 0:19:2,56.47,56.83,57.18,57.55,57.45,56.94,56.41,56.34,55.84,56.10,56.01,55.81,55.57,55.61,55.77,55.75,56.51,56.86,57.31,58.08
2021-8-20 0:19:3,58.20,57.97,57.66,57.02,56.52,56.06,56.17,56.36,56.26,56.35,55.55,55.52,55.41,55.22,55.88,56.03,56.63,57.64,57.84,57.77
2021-8-20 0:19:4,57.42,56.88,56.44,55.96,55.97,55.59,55.42,55.70,55.34,55.61,56.13,56.78,57.15,57.25,57.43,56.98,57.03,56.89,56.61,56.16
2021-8-20 0:19:5,55.65,55.62,55.42,55.28,55.08,55.42,55.52,56.57,57.83,57.75,57.70,57.14,56.79,56.37,56.50,56.54,56.06,56.33,56.18,56.02
2021-8-20 0:19:6,56.01,56.17,56.47,56.80,57.16,57.46,57.77,57.90,58.09,57.89,58.04,57.65,57.25,57.01,56.48,56.47,56.32,56.32,56.37,56.48
2021-8-20 0:19:7,56.55,56.91,57.34,57.81,58.32,58.37,58.21,58.37,58.34,58.29,58.45,58.72,59.28,59.20,59.29,59.00,58.22,58.32,57.86,57.43
2021-8-20 0:19:8,58.04,58.50,58.79,58.97,58.62,58.31,57.99,57.66,57.62,57.26,57.05,57.16,57.10,56.82,56.63,56.86,56.63,56.24,56.42,56.16
2021-8-20 0:19:9,56.50,57.24,57.66,57.95,58.11,58.17,58.18,57.73,57.21,56.90,56.53,56.46,56.49,56.31,56.06,55.72,55.42,56.05,56.20,56.57
2021-8-20 0:19:10,56.62,56.42,56.83,57.06,57.53,57.55,57.38,57.22,57.00,56.56,56.13,56.09,55.68,55.63,55.60,55.42,55.25,54.83,55.16,55.03,55.29
2021-8-20 0:19:11,56.13,56.55,57.16,57.89,57.97,57.76,57.55,56.68,56.07,56.02,55.77,56.02,56.10,55.47,55.63,55.45,55.31,55.65,55.45,55.75
2021-8-20 0:19:12,56.47,57.09,57.55,57.81,57.62,57.32,57.08,56.58,56.23,55.86,55.51,55.58,55.57,55.55,55.60,55.35,55.52,55.70,56.15,56.45,56.72
2021-8-20 0:19:14,57.14,57.20,57.65,57.85,57.61,57.44,57.23,56.83,56.72,56.41,56.11,56.23,56.04,56.01,55.86,55.66,55.86,55.90,55.70,55.27
2021-8-20 0:19:15,55.13,55.64,56.62,57.54,58.01,58.31,58.09,57.92,57.65,56.91,56.72,56.20,56.03,55.84,55.43,55.46,55.22,55.36,55.13,54.98
2021-8-20 0:19:16,55.03,55.09,55.43,55.98,56.66,57.14,57.61,57.80,58.04,57.95,57.86,57.69,57.08,56.30,56.03,55.59,55.32,55.63,55.41,55.39
2021-8-20 0:19:17,55.04,55.17,55.72,55.65,56.21,56.50,56.49,57.40,57.64,57.57,57.44,57.10,56.89,56.80,56.55,56.19,55.71,55.36,54.91,54.84
2021-8-20 0:19:18,55.10,54.96,55.33,55.88,56.32,56.98,57.63,57.45,57.18,56.95,56.62,56.31,56.18,55.99,55.77,55.98,55.79,55.85,55.60,55.24
2021-8-20 0:19:19,55.48,55.54,55.88,56.51,56.78,57.58,57.73,57.55,57.49,56.67,56.65,56.71,56.71,56.47,56.11,55.37,54.98,54.82,55.07,55.13
2021-8-20 0:19:20,55.03,55.67,55.83,56.23,57.08,57.25,57.46,57.43,57.07,56.83,56.32,56.13,55.68,55.76,55.38,55.45,55.70,55.32,55.60,55.43
2021-8-20 0:19:21,55.24,55.25,55.36,55.41,55.47,55.67,55.69,55.94,56.41,56.66,56.67,57.16,57.22,57.50,57.44,57.25,57.01,56.47,56.74,56.45
2021-8-20 0:19:22,56.00,55.65,55.50,55.28,55.25,55.45,55.14,54.95,55.33,55.24,55.46,56.12,56.26,56.42,56.75,56.89,57.23,57.37,57.29,57.30
2021-8-20 0:19:23,57.08,56.94,57.18,57.00,56.84,56.84,56.54,56.08,56.04,56.15,55.96,56.26,55.98,55.90,56.07,56.03,56.81,57.22,57.61,58.26
2021-8-20 0:19:24,58.28,58.22,58.43,58.26,57.95,57.62,57.06,56.77,56.37,56.46,56.29,56.26,56.35,56.22,55.69,55.59,55.84,55.87,56.20,55.93
2021-8-20 0:19:25,56.36,56.67,57.17,57.79,57.54,57.62,57.67,57.39,57.58,57.22,56.87,56.74,56.17,56.01,55.77,55.55,55.53,55.63,55.60,55.56
2021-8-20 0:19:26,55.47,55.37,55.67,55.70,56.09,56.47,56.52,57.10,57.11,57.61,57.95,58.04,58.24,57.62,57.20,56.65,56.24,56.12,56.21,56.10
2021-8-20 0:19:27,55.90,55.74,55.12,54.91,54.82,54.72,54.90,55.17,55.11,55.07,55.42,55.53,55.70,56.16,56.57,57.33,57.97,58.24,58.53,58.21
2021-8-20 0:19:28,57.84,57.50,56.70,56.42,56.04,56.29,56.27,56.30,56.34,55.72,55.84,55.57,55.55,55.54,55.17,55.14,55.42,55.55,56.59,57.37
2021-8-20 0:19:29,57.60,58.16,57.86,57.67,57.21,57.09,57.27,57.09,57.36,56.99,56.38,56.37,56.25,56.51,56.70,56.16,55.99,55.66,55.65,56.28
2021-8-20 0:19:30,56.96,57.48,57.96,58.48,58.44,58.41,58.28,57.71,57.05,56.85,56.54,56.30,56.38,56.41,56.32,56.35,56.26,56.15,56.00,55.86,56.25
2021-8-20 0:19:31,56.57,57.32,57.85,58.22,58.11,57.82,57.64,57.33,57.25,57.03,56.82,56.59,56.26,56.33,56.25,56.52,56.54,56.09,56.13,55.73
2021-8-20 0:19:32,56.06,56.42,56.52,56.97,57.24,57.53,57.93,57.75,57.55,57.36,57.37,57.51,57.46,57.82,57.61,57.49,57.69
2021-8-20 0:19:33,56.96,56.97,56.68,56.26,56.48,56.33,56.48,56.38,55.83,55.97,55.72,55.72,56.33,56.49,56.75,57.21,57.38,57.08,57.16,57.05
2021-8-20 0:19:34,57.13,57.98,58.54,58.91,59.05,58.46,57.86,57.65,57.32,56.64,56.77,56.23,55.61,55.42,55.05,55.39,55.81,56.17,56.09,55.69
2021-8-20 0:19:35,55.75,56.00,56.46,56.71,56.71,56.78,57.18,58.14,58.69,59.08,58.86,58.12,57.80,57.14,56.93,56.91,56.73,56.97,57.04,57.27
2021-8-20 0:19:36,57.62,57.26,57.06,57.03,56.44,56.57,56.58,56.19,56.04,55.79,55.80,56.23,56.48,56.76,56.68,56.53,56.25,56.65,57.17,56.95,57.13
2021-8-20 0:19:37,56.95,56.54,56.23,56.87,57.05,56.96,57.29,57.10,57.38,57.67,57.14,56.70,56.50,55.81,55.85,56.38,55.66,55.85,56.44,56.67
2021-8-20 0:19:38,57.20,58.06,59.25,59.37,61.19,63.05,64.45,66.62,67.03,67.70,68.25,68.56,69.11,69.05,68.57,68.52,68.65,68.63,68.67,68.38
2021-8-20 0:19:39,67.87,67.83,68.05,68.58,69.54,69.68,70.15,70.85,71.69,72.38,72.65,72.43,71.79,72.17,72.38,72.47,72.68,72.19,72.48,72.35
2021-8-20 0:19:40,72.42,72.63,72.22,72.39,72.29,72.16,72.48,72.47,72.82,72.88,73.09,73.69,73.90,74.56,74.83,74.80,74.97,74.87,75.43,75.95
2021-8-20 0:19:41,75.65,76.06,75.41,75.22,75.98,76.13,76.38,76.48,76.34,76.32,76.62,77.25,78.02,78.71,79.46,78.99,78.62,78.82,79.51,82.83
2021-8-20 0:19:42,85.38,85.68,85.20,82.37,79.73,79.48,78.80,78.26,78.05,77.25,76.28,75.83,75.21,74.54,74.22,73.93,73.26,72.71,72.28,72.01,72.23
2021-8-20 0:19:43,72.30,72.45,72.16,72.05,71.73,71.68,71.44,71.02,71.32,70.98,70.34,70.29,69.50,69.52,69.69,69.14,68.91,67.96,67.64,67.14
2021-8-20 0:19:44,66.74,66.59,66.38,66.49,66.78,66.59,66.65,66.49,65.91,65.89,66.02,65.99,66.38,66.65,66.75,67.45,67.58,68.22,68.32,67.92
2021-8-20 0:19:45,67.78,67.65,67.34,67.19,67.54,67.23,67.10,67.12,66.57,65.92,66.00,66.39,65.86,65.96,65.86,65.64,66.21,66.51,66.45,66.22
2021-8-20 0:19:46,66.06,66.28,66.34,66.24,66.36,65.79,65.71,65.74,65.56,65.67,65.61,65.62,65.90,66.60,66.36,66.80,66.84,65.92,66.55,66.46
2021-8-20 0:19:47,66.23,66.71,66.48,66.09,66.02,65.70,65.26,65.21,65.33,65.60,65.49,65.21,65.16,65.10,65.58,66.39,66.08,66.50,66.65,65.82
2021-8-20 0:19:48,66.17,65.49,65.20,65.57,65.18,65.45,66.79,68.27,68.88,68.96,67.13,65.78,66.01,66.24,66.72,66.40,65.81,65.43,65.22,65.37
2021-8-20 0:19:49,65.88,66.20,66.69,67.08,67.07,67.29,67.57,67.84,68.03,68.50,68.91,69.70,70.30,70.86,71.93,72.04,72.44,72.84,73.02,72.75
2021-8-20 0:19:50,72.35,71.53,70.28,69.44,68.75,67.65,66.36,65.53,65.01,64.92,65.06,65.11,64.65,64.42,64.10,63.70,63.76,63.14,63.04,63.16
2021-8-20 0:19:51,63.27,63.21,63.27,63.44,63.37,63.55,63.07,62.95,62.91,62.48,62.74,62.66,62.26,62.67,62.52,62.40,62.01,61.90,61.71,61.01
2021-8-20 0:19:52,61.00,60.82,61.19,61.73,61.28,61.27,61.34,61.03,61.68,61.98,61.17,60.95,60.80,60.79,61.72,62.03,62.18,62.31,62.36,62.39
2021-8-20 0:19:53,62.63,62.60,62.44,62.70,62.75,62.74,62.56,62.79,63.04,63.39,63.67,63.62,63.65,63.01,63.42,63.88,64.10,64.76,64.92,64.84
2021-8-20 0:19:54,64.91,65.33,65.35,65.84,66.24,66.24,66.19,65.97,66.16,66.50,66.92,66.96,66.82,66.95,67.06,67.13,67.40,67.36,67.48,67.56
2021-8-20 0:19:55,67.49,67.36,67.05,67.69,67.52,67.86,68.63,68.81,69.73,69.54,69.58,69.42,68.95,69.24,68.92,69.36,69.69,70.43,70.98,70.97
2021-8-20 0:19:56,71.67,71.32,71.55,71.46,71.34,71.60,70.89,71.21,70.35,70.33,70.65,70.40,71.06,71.08,70.84,71.67,72.13,72.81,73.82,73.90,74.57
2021-8-20 0:19:57,75.04,75.37,75.90,75.89,75.71,76.03,75.56,74.85,74.05,73.61,72.31,71.80,71.04,69.53,69.17,67.54,66.99,66.45,65.68,65.77
2021-8-20 0:19:58,64.75,64.10,64.02,63.28,63.48,63.54,63.02,63.11,62.90,62.41,62.41,62.98,62.65,62.84,63.20,63.00,63.46,63.86
2021-8-20 0:19:59,63.24,63.30,63.53,64.21,64.52,64.68,65.05,64.45,64.88,65.36,65.44,65.89,66.28,66.47,66.76,67.15,67.54,67.83,68.00,68.08
2021-8-20 0:20:0,67.68,67.75,68.66,69.39,70.44,70.85,70.24,70.14,70.17,70.35,70.47,70.92,71.66,72.30,73.68,74.17,74.52,74.97,74.54,75.08
2021-8-20 0:20:1,75.46,76.83,78.42,79.96,80.65,80.50,80.54,79.57,79.85,79.88,80.04,81.06,81.96,81.43,81.24,80.46,79.07,79.40,79.57,79.65
2021-8-20 0:20:2,79.18,77.99,76.68,75.29,74.55,73.89,73.25,72.95,72.34,72.40,71.43,70.64,69.90,69.14,69.42,69.35,68.97,68.67,68.00,67.97
2021-8-20 0:20:3,67.76,66.77,66.22,65.07,64.67,65.44,65.02,64.68,64.77,63.81,64.16,64.65,64.36,64.38,64.31,63.99,63.97,63.62,63.45,63.04,62.47
2021-8-20 0:20:4,62.20,60.98,60.72,60.88,61.01,61.84,61.07,60.96,60.34,59.95,60.79,60.81,60.94,60.43,60.77,60.86,61.15,61.61,61.00,60.37
2021-8-20 0:20:5,60.43,59.92,59.73,59.77,59.79,60.51,59.89,60.07,59.51,59.38,59.62,59.56,59.96,59.94,60.15,59.97,59.79,60.24,60.14,60.55
2021-8-20 0:20:6,60.43,60.50,61.25,61.03,61.58,60.93,60.42,60.92,60.89,61.42,61.88,61.84,61.54,61.61,60.92,60.77,60.66,59.73,59.92,59.99,59.76
2021-8-20 0:20:7,59.93,60.87,61.06,61.64,61.83,60.86,60.46,60.55,61.06,61.36,61.42,61.56,61.11,60.98,60.63,60.23,60.47,60.72,60.82,60.81
2021-8-20 0:20:8,60.80,60.84,61.11,61.21,61.14,60.93,60.95,61.24,61.24,61.15,60.71,60.26,60.73,60.24,61.24,62.02,61.92,62.75,62.61,62.30,62.04
2021-8-20 0:20:9,62.18,61.53,61.43,61.85,62.06,62.63,62.63,62.68,62.54,62.20,62.46,62.39,61.96,62.72,62.98,63.16,63.72,63.55,63.01,62.90
2021-8-20 0:20:10,62.64,62.64,62.67,62.72,63.40,63.24,64.00,64.60,64.51,65.26,65.39,65.19,65.74,66.20,66.45,66.56,66.72,66.61,66.27,66.79
2021-8-20 0:20:11,67.30,67.11,67.67,67.59,66.94,66.50,65.46,65.01,64.21,64.76,64.70,63.85,64.73,64.74,65.49,66.26,66.06,65.63,65.37,65.64
2021-8-20 0:20:12,66.24,66.53,66.62,66.97,66.62,67.10,67.77,67.69,67.64,67.51,67.38,68.01,68.30,68.68,69.29,68.84,69.24,69.23,69.21,69.64
2021-8-20 0:20:13,70.10,70.34,70.50,70.41,70.15,70.34,70.41,71.13,71.86,72.39,72.97,73.52,73.41,73.91,74.49,74.02,74.37,73.56,73.10,73.36,74.08
2021-8-20 0:20:14,74.50,74.64,75.18,73.98,74.06,73.61,73.26,73.68,73.98,74.56,73.83,73.16,72.62,72.08,71.88,71.87,71.72,70.96,71.52,71.21
2021-8-20 0:20:15,71.30,71.99,71.27,71.37,70.86,70.48,70.71,70.44,70.10,70.38,70.50,70.79,71.06,70.58,69.97,69.90,69.83,69.59,69.37,68.96
2021-8-20 0:20:16,68.82,69.16,69.84,70.44,70.13,70.43,70.19,70.99,71.64,71.23,71.04,70.05,69.95,70.26,69.91,69.91,69.27,68.38,68.65,68.34
2021-8-20 0:20:17,68.65,68.22,67.55,67.48,67.01,67.56,68.07,67.88,67.96,67.43,66.92,66.71,66.92,66.82,66.97,66.69,65.59,65.93,65.98,66.36
2021-8-20 0:20:18,67.27,66.67,66.40,66.28,66.22,67.09,67.78,67.88,68.87,69.43,69.10,68.94,68.01,67.50,67.56,68.18,68.50,69.34,70.86,71.70,72.10
2021-8-20 0:20:19,71.53,69.92,68.87,68.26,68.82,70.29,70.59,71.82,71.46,70.66,70.94,70.46,69.52,68.65,68.68,68.03,68.67,70.48,71.20,71.82
2021-8-20 0:20:20,72.57,70.84,69.34,68.69,67.67,68.08,68.57,69.04,69.62,70.28,70.23,70.03,69.35,67.99,67.66,67.11,67.30,68.09,69.22,69.73
2021-8-20 0:20:21,70.55,70.80,69.78,69.08,68.46,67.25,66.38,66.45,66.47,67.57,69.11,70.05,69.77,68.95,68.31,67.90,67.78,67.83,67.99,68.54
2021-8-20 0:20:22,69.20,70.15,70.39,70.28,70.05,68.91,69.19,68.91,67.93,68.74,68.28,68.51,69.75,69.75,68.49,68.03,67.37,66.80,67.83,67.60
2021-8-20 0:20:23,67.78,68.77,68.44,69.02,70.02,68.95,69.37,68.47,67.47,67.69,67.47,68.17,68.18,67.62,67.14,66.50,65.26,64.98
2021-8-20 0:20:24,64.66,64.48,65.03,66.55,67.35,67.22,67.12,65.94,64.57,63.95,63.58,63.49,63.98,64.66,64.85,64.70,64.32,64.24,64.45,63.94
2021-8-20 0:20:25,64.07,63.48,62.55,62.82,62.94,62.95,63.31,62.30,61.70,61.38,61.78,62.48,62.78,62.97,62.32,62.20,61.96,61.50,61.71,62.00
2021-8-20 0:20:26,61.64,61.89,61.99,62.00,62.48,63.29,63.29,63.27,63.73,62.98,63.07,63.41,62.81,62.98,62.48,61.69,62.03,62.28,62.41,62.54
2021-8-20 0:20:27,62.26,62.90,62.36,63.21,63.29,62.69,63.28,62.06,61.35,61.14,60.81,60.67,61.52,62.14,62.43,62.97,62.81,62.20,62.56,62.53
2021-8-20 0:20:28,62.36,62.32,61.70,61.83,61.64,60.89,61.07,60.35,60.06,60.13,59.79,60.24,60.85,61.04,61.24,61.05,60.88,60.46,60.21,60.58
2021-8-20 0:20:29,60.34,60.69,61.07,61.40,61.65,62.14,62.27,62.18,61.69,61.49,60.87,61.21,61.55,61.18,61.62,61.54,61.36,61.75,61.35,60.57
2021-8-20 0:20:30,61.02,61.00,61.37,61.97,62.02,62.51,63.18,63.00,63.11,63.10,62.67,63.51,63.86,64.08,63.95,63.58,63.18,62.63,62.70,61.90
2021-8-20 0:20:31,61.75,61.57,61.04,61.10,61.25,61.42,61.84,61.96,61.63,61.29,61.53,61.90,62.19,61.94,61.80,61.51,61.43,61.65,61.59,61.30
2021-8-20 0:20:32,61.54,61.35,61.09,61.21,60.54,61.14,61.52,61.75,62.46,62.31,61.95,62.06,61.44,61.64,61.47,60.86,61.40,61.70,62.38,63.23
2021-8-20 0:20:33,63.34,63.20,63.37,63.42,63.86,63.92,63.83,64.23,64.42,65.17,66.37,67.23,67.97,68.94,69.95,70.81,71.97,73.07,74.38,75.89
2021-8-20 0:20:34,77.41,78.75,79.75,80.24,80.45,79.81,78.90,77.62,75.93,74.31,71.80,70.44,69.26,67.97,67.59,66.34,65.62,65.07,65.08,65.22
2021-8-20 0:20:35,64.79,64.87,64.16,63.88,63.91,63.73,64.13,64.04,63.93,64.55,64.20,64.10,63.93,63.61,63.98,64.18,64.24,64.01,64.09,64.47
2021-8-20 0:20:36,64.50,64.54,64.15,63.65,63.59,63.88,64.08,64.54,64.87,64.39,64.13,63.17,62.45,61.74,61.55,62.10,62.53,63.05,62.85,62.71
2021-8-20 0:20:37,62.78,63.04,63.22,63.36,62.29,62.00,61.61,61.08,61.80,62.02,62.28,62.26,62.03,61.70,61.64,61.56,61.41,62.14,62.21,62.31
2021-8-20 0:20:38,62.49,61.99,62.35,61.76,61.35,60.81,60.04,60.21,60.74,60.75,61.00,61.65,61.28,61.28,61.03,61.03,61.02,61.31,61.67,61.80,62.42
2021-8-20 0:20:39,62.39,61.77,61.16,60.86,60.30,60.64,60.72,60.33,61.31,61.07,61.40,61.48,60.89,60.81,61.11,61.85,62.28,62.41,61.90,62.16
2021-8-20 0:20:40,61.92,62.03,62.38,61.76,61.65,61.88,62.01,61.94,61.86,61.82,61.60,61.66,61.77,61.86,61.89,62.15,62.75,63.10,63.35,62.98
2021-8-20 0:20:41,63.21,63.57,63.91,64.77,64.98,65.76,65.56,65.65,66.00,65.20,66.06,66.62,66.35,67.42,67.85,68.86,69.82,70.59,70.61,70.29
2021-8-20 0:20:42,70.19,70.34,71.10,71.30,72.13,72.41,73.09,73.52,73.48,72.87,72.32,72.44,72.65,73.18,73.39,73.13,72.97,72.18,71.36,71.06
2021-8-20 0:20:43,70.63,70.77,70.89,70.95,70.93,70.34,70.01,69.42,68.60,68.46,68.34,68.22,68.66,69.20,68.91,68.56,68.39,67.48,67.32,67.27,66.93
2021-8-20 0:20:44,67.11,67.43,67.38,67.38,67.43,67.79,67.99,68.27,68.25,67.41,67.64,67.34,67.69,67.71,67.28,67.05,66.09,66.63,66.82,66.78,67.50
2021-8-20 0:20:45,67.33,67.90,68.47,68.92,68.94,68.56,68.60,68.95,69.70,70.03,70.46,70.56,70.44,71.05,71.82,72.15,72.49,72.29,72.35,72.78,72.80
2021-8-20 0:20:46,73.33,73.39,73.13,73.51,73.59,74.05,74.67,74.81,75.08,74.57,73.93,73.42,72.86,72.81,72.69,72.65,72.57,72.31,72.21,72.63
2021-8-20 0:20:47,72.95,73.48,73.64,73.81,73.73,73.66,73.70,73.40,73.40,73.22,73.24,73.08,73.45,73.67,74.04,74.38,74.05,73.57,73.07,73.59
2021-8-20 0:20:48,73.99,74.57,74.92,74.29,73.99,73.61,73.26,73.13,72.15,71.55,71.13,69.98,69.69,68.80,67.87,67.89,67.77,67.80,67.81
2021-8-20 0:20:49,67.66,67.28,67.14,66.98,66.57,66.79,66.69,66.81,67.04,66.48,66.09,66.36,65.76,65.48,65.79,65.33,65.57,65.71,65.64,64.83
2021-8-20 0:20:50,64.86,64.31,63.78,63.91,63.33,63.38,63.45,63.53,63.79,64.26,64.09,64.54,64.65,64.60,64.78,64.58,64.41,64.15,64.38,64.42
2021-8-20 0:20:51,64.60,65.17,65.34,65.11,65.22,65.34,65.87,66.53,66.35,65.97,65.11,64.92,65.13,64.80,65.05,65.06,65.06,65.52,65.25,65.06
2021-8-20 0:20:52,65.14,65.52,65.77,65.99,65.89,65.78,66.24,65.86,65.80,65.37,64.55,64.54,64.45,64.25,64.48,64.08,64.07,64.24,63.62,64.07
2021-8-20 0:20:53,63.82,64.05,64.53,64.03,64.09,64.08,63.34,63.46,63.15,62.31,62.52,62.06,61.93,61.93,62.37,62.83,63.11,63.61,63.66,63.62
2021-8-20 0:20:54,63.75,63.64,63.80,64.23,64.26,64.22,63.93,63.03,63.07,62.78,62.67,63.51,63.16,63.56,63.69,63.59,63.91,63.50,63.10,63.14
2021-8-20 0:20:55,63.17,62.88,63.60,63.77,64.65,65.66,65.66,65.97,65.43,65.82,65.91,66.01,65.80,65.77,65.64,65.55,66.22,66.43,66.90,67.11
2021-8-20 0:20:56,66.86,66.84,66.79,67.24,67.46,67.35,67.47,67.02,67.10,67.07,67.13,67.04,66.74,67.24,67.56,67.60,68.22,67.80,67.57,67.88
2021-8-20 0:20:57,67.73,68.24,68.51,68.77,68.48,68.88,68.33,68.16,68.27,67.26,67.28,66.53,66.05,65.86,66.22,66.04,66.05,65.94,65.72,66.08
2021-8-20 0:20:58,66.06,65.81,65.47,65.41,65.32,65.20,64.82,64.30,64.40,64.54,64.38,64.86,64.71,64.74,65.34,64.99,64.83,64.66,64.87,65.06
2021-8-20 0:20:59,65.55,65.89,65.36,65.46,65.40,65.62,65.66,65.44,65.62,65.17,65.25,65.35,65.21,64.80,64.79,64.92,64.95,66.06,66.30,66.21
2021-8-20 0:21:0,66.47,65.81,65.48,65.61,65.10,65.39,65.78,66.15,66.84,67.08,67.24,66.67,65.86,65.82,65.90,66.22,66.95,66.82,66.24,66.40
2021-8-20 0:21:1,65.67,65.51,65.90,65.14,65.49,65.81,65.84,66.26,66.01,64.94,64.26,63.83,64.06,64.49,64.29,63.56,63.48,63.52,63.63,64.31
2021-8-20 0:21:2,64.28,64.63,65.39,65.70,65.33,64.75,63.99,64.14,64.29,64.59,64.49,63.99,64.06,63.90,64.50,64.17,63.64,63.28,62.27,62.38
2021-8-20 0:21:3,62.25,61.94,62.24,61.94,62.02,62.36,62.20,62.06,61.54,61.58,61.35,61.23,61.34,60.28,60.40,60.26,60.15,60.69,60.20,59.76
2021-8-20 0:21:4,59.76,59.36,59.35,59.86,59.81,59.85,59.71,59.85,59.66,59.79,59.72,59.50,59.20,58.80,59.03,59.33,59.26,59.43,59.63,59.44
2021-8-20 0:21:5,59.68,59.80,59.61,59.61,60.74,60.86,61.06,61.25,60.71,60.75,60.64,60.18,59.63,59.53,59.85,59.55,59.13,59.03,58.92,59.29
2021-8-20 0:21:6,59.73,59.48,58.95,58.71,58.65,58.82,59.02,59.40,59.73,59.78,60.10,60.33,60.10,60.07,60.16,60.56,60.42,60.62,60.56,60.54
2021-8-20 0:21:7,60.75,60.98,61.39,61.63,62.11,61.76,61.66,60.92,60.20,60.07,59.75,59.53,59.73,59.59,59.40,59.93,59.60,59.84,60.21,60.30
2021-8-20 0:21:8,60.42,60.18,59.45,58.93,58.84,58.70,58.48,58.21,58.04,58.52,58.56,58.51,58.49,58.42,59.75,60.53,60.96,60.61,59.46,58.86,58.84
2021-8-20 0:21:9,59.28,59.38,59.59,59.36,59.45,59.57,59.41,59.68,59.47,59.61,59.77,59.79,60.38,60.48,60.92,61.55,61.78,62.10,61.70,61.59
2021-8-20 0:21:10,61.45,61.57,62.41,62.40,62.36,62.89,62.74,63.29,63.89,63.65,63.99,64.03,63.75,63.53,63.24,62.62,62.13,61.52,60.94,60.94
2021-8-20 0:21:11,60.72,60.93,60.85,60.47,60.30,60.04,59.99,60.28,60.55,60.71,61.07,61.27,61.53,61.92,61.38,61.71,61.77,62.30,62.85,62.36
2021-8-20 0:21:12,61.94,61.51,61.94,61.93,62.38,62.37,62.38,62.97,63.21,63.42,63.16,63.92,63.67,63.80,63.99,63.38,63.59,63.53,63.88,64.14,64.57
2021-8-20 0:21:13,64.87,64.91,64.82,65.02,65.26,65.61,65.61,65.73,65.46,64.81,64.46,64.54,64.09,63.37,62.95,61.64,61.13,61.03,60.45,60.85
2021-8-20 0:21:14,60.45,60.68,61.02,60.54,61.48,61.84,61.79,61.50,61.25,60.88,60.96,61.34,61.93,61.74,61.95,61.67,60.57,60.97,60.66,60.96
2021-8-20 0:21:15,61.31,60.60,60.14,60.12,60.32,60.42,61.05,60.93,60.35,60.75,60.63,60.87,61.12,60.82,61.02,61.23,61.22,61.68,61.77,61.55
2021-8-20 0:21:16,61.91,61.49,61.53,61.23,61.01,61.59,61.61,61.94,62.51,62.36,62.36,62.34,61.77,61.36,61.69,61.41,61.14,60.79,60.32,60.23
2021-8-20 0:21:17,60.54,61.18,61.08,61.05,60.61,60.94,60.31,59.90,60.04,59.71,59.83,60.09,60.05,59.79,60.98,61.50,61.63,61.52,60.54,60.08
2021-8-20 0:21:18,60.48,60.58,60.67,61.30,61.25,61.39,61.58,61.72,61.38,61.10,60.92,60.78,61.11,61.47,62.00,62.02,61.75,61.64,61.32,61.40
2021-8-20 0:21:19,61.76,62.18,63.28,63.72,63.81,64.29,64.16,64.19,64.92,65.63,66.00,66.04,66.42,65.67,65.99,66.02,65.58,65.36,63.87,62.98,61.99
2021-8-20 0:21:21,61.65,61.08,61.80,61.85,62.01,62.55,61.87,61.71,61.17,60.99,60.72,60.90,61.18,61.34,61.44,61.76,61.77,61.51,61.83,60.58
2021-8-20 0:21:22,60.24,59.92,59.40,59.78,59.56,59.25,59.38,59.45,59.63,59.93,59.65,59.35,59.11,59.01,58.63,58.67,58.91,59.16,59.68,59.99
2021-8-20 0:21:23,60.68,60.67,60.49,60.53,59.74,59.34,59.10,58.87,58.85,58.46,58.52,58.48,58.45,59.24,59.26,59.20,58.98,58.71,58.42,58.50
2021-8-20 0:21:24,58.30,57.79,59.28,59.38,59.94,60.36,59.15,59.20,58.63,58.08,57.65,56.96,57.00,57.44,57.48,57.92,58.05,58.04,58.30,58.01
2021-8-20 0:21:25,57.64,57.96,57.92,57.99,58.54,58.74,59.10,59.03,59.12,59.28,58.72,59.04,58.71,58.46,58.63,58.85,59.44,59.46,60.23,60.48
2021-8-20 0:21:26,61.44,62.04,61.61,61.27,60.35,60.02,60.04,60.36,60.04,59.85,60.23,59.85,59.90,60.07,60.44,60.72,60.79,60.48,60.25,60.19,60.35
2021-8-20 0:21:27,60.43,60.09,60.50,60.75,61.34,61.45,61.31,60.86,60.45,60.81,61.27,61.48,61.65,61.30,60.96,60.97,60.91,61.26,61.67,61.57
2021-8-20 0:21:28,61.58,61.38,61.13,61.75,61.87,62.13,62.33,61.82,62.21,61.72,62.10,61.94,61.00,60.93,60.35,60.87,61.81,62.24,62.15,61.55
2021-8-20 0:21:29,62.12,62.56,63.17,64.04,63.56,63.14,62.75,62.53,62.85,63.65,64.24,64.62,64.12,63.46,63.63,63.86,64.27,64.68,64.34,64.03
2021-8-20 0:21:30,63.96,63.64,63.54,63.45,63.51,63.69,63.74,63.61,63.86,64.28,64.06,64.01,63.42,64.07,63.65,63.58,62.97,61.39,61.33,61.00
2021-8-20 0:21:31,61.40,61.40,60.63,61.07,60.58,60.46,61.22,60.61,60.24,60.22,60.40,60.68,61.42,61.00,61.48,61.31,61.09,61.61,60.67,60.39
2021-8-20 0:21:32,60.04,59.81,61.00,61.33,61.37,61.57,60.61,60.28,60.52,60.41,60.85,61.27,61.20,61.29,60.92,60.99,61.00,60.77,60.72,60.56
2021-8-20 0:21:33,60.67,61.19,60.64,60.24,60.07,59.82,60.54,60.27,60.39,60.38,59.54,59.83,59.87,59.78,59.94,59.85,59.90,60.32,60.37,61.13
2021-8-20 0:21:34,61.42,60.90,61.21,61.03,61.04,61.39,61.23,61.18,61.34,60.75,60.64,60.21,59.52,60.98,61.12,61.21,61.72,61.15,61.16,61.19
2021-8-20 0:21:35,60.78,60.13,59.73,60.00,60.65,60.96,61.10,60.77,60.48,60.35,60.52,60.39,59.97,59.73,59.36,59.04,59.14,59.56,60.41,60.67
2021-8-20 0:21:36,60.70,60.60,59.97,60.12,59.87,59.65,59.75,60.44,61.59,61.58,61.54,61.26,60.43,60.32,60.09,60.21,60.14,59.81,60.39,60.47
2021-8-20 0:21:37,60.04,60.19,59.90,59.18,59.96,60.10,60.46,60.93,60.60,60.73,61.54,61.97,61.95,61.69,61.02,60.12,60.08,60.80,60.49,60.53,60.76
2021-8-20 0:21:38,60.45,60.26,60.23,60.07,60.69,60.54,60.82,61.06,60.68,61.23,61.41,61.35,61.79,61.68,61.31,61.89,60.82,61.19,61.43,60.98,61.46
2021-8-20 0:21:39,61.20,60.78,60.84,61.03,61.03,61.78,61.70,61.75,61.65,61.65,62.31,62.13,62.13,63.17,62.90,63.27,63.60,62.36,62.29,61.94
2021-8-20 0:21:40,61.74,62.45,62.09,62.46,62.77,62.13,61.82,61.16,60.97,60.84,61.26,61.53,62.18,62.42,62.43,62.73
2021-8-20 0:21:41,62.41,62.20,62.23,62.33,62.25,62.64,62.67,63.09,63.80,64.02,64.86,64.86,63.95,63.33,62.86,62.65,62.65,62.54,62.26,61.91,62.34
2021-8-20 0:21:42,63.09,63.33,63.20,62.64,62.16,61.70,61.19,61.48,62.01,61.97,62.50,61.94,62.42,62.62,62.39,62.46,61.65,61.80,62.07,62.66,62.74
2021-8-20 0:21:43,62.53,62.78,62.90,62.43,62.09,62.16,61.98,62.29,63.07,63.50,63.22,63.53,63.04,61.85,61.69,61.31,61.83,62.46,63.67,64.24,64.19
2021-8-20 0:21:44,64.11,63.24,63.07,62.63,62.49,62.46,62.50,62.88,62.84,62.71,62.57,62.24,62.43,62.92,62.16,62.45,61.98,62.18,62.35,61.73
2021-8-20 0:21:45,61.56,61.03,60.71,60.60,60.71,60.59,61.13,60.85,60.81,60.60,60.33,60.44,60.89,60.79,60.55,60.84,60.93,60.84,60.86,60.73
2021-8-20 0:21:46,60.27,60.36,61.24,61.81,62.35,61.92,61.05,61.29,60.97,61.49,61.81,61.17,60.78,60.36,60.80,60.63,60.84,61.26,60.89,60.60
2021-8-20 0:21:47,60.14,59.97,60.02,61.17,61.83,61.73,61.22,60.08,59.52,59.44,60.38,60.86,61.05,61.76,61.33,61.37,61.18,60.58,60.05,59.20,59.53
2021-8-20 0:21:48,59.73,59.59,59.75,59.47,59.67,60.45,61.00,61.57,61.84,61.13,60.43,59.97,59.47,59.84,59.99,59.87,60.21,60.18,60.53,60.66
2021-8-20 0:21:49,60.03,60.11,60.48,60.74,61.71,61.59,61.06,61.08,60.45,60.77,61.14,60.65,60.56,60.20,59.79,59.70,59.75,60.40,60.06,60.00
2021-8-20 0:21:50,59.91,59.49,59.92,60.05,59.76,59.67,59.56,59.73,60.08,60.27,60.42,60.43,61.00,61.11,60.96,61.05,60.41,59.78,59.71,59.42
2021-8-20 0:21:51,59.31,59.67,60.07,60.08,60.60,60.68,60.04,60.43,60.20,59.83,60.14,59.66,59.55,59.62,59.71,60.54,60.31,60.23,60.61,60.87
2021-8-20 0:21:52,61.08,61.19,61.85,61.23,60.99,60.90,60.12,60.76,60.45,60.78,60.66,60.26,61.04,60.84,60.72,61.02,60.79,60.47,60.48,59.83
2021-8-20 0:21:53,60.20,60.71,60.90,61.24,60.69,61.06,61.14,61.04,61.74,60.99,60.53,60.32,59.95,60.34,61.07,61.36,61.21,60.72,59.74,59.84,59.90
2021-8-20 0:21:54,60.44,61.17,60.97,60.94,60.12,60.13,59.85,59.94,60.41,60.10,59.90,60.17,60.31,60.35,60.68,60.70,60.85,60.99,60.91,61.93
2021-8-20 0:21:55,62.45,62.59,62.77,61.64,60.80,60.72,60.48,59.64,60.00,59.93,59.87,60.01,59.41,59.45,59.38,59.42,59.75,59.67,59.93,60.26
2021-8-20 0:21:56,59.90,60.18,60.28,60.36,60.74,60.74,61.58,60.92,60.70,61.09,59.73,60.24,60.38,60.26,60.62,60.76,60.88,60.40,60.44,59.93,59.92
2021-8-20 0:21:57,59.84,59.61,59.85,60.00,60.14,60.45,60.66,60.59,60.83,60.99,60.88,60.53,60.32,60.83,61.26,61.36,61.69,60.72,60.21,61.01
2021-8-20 0:21:58,60.57,60.64,60.22,59.75,60.21,60.19,60.83,60.62,59.80,60.38,60.08,60.11,60.47,59.81,60.15,60.11,59.86,60.14,59.81,60.27
2021-8-20 0:21:59,60.58,60.18,60.73,60.30,59.80,60.13,60.06,60.07,60.56,60.63,61.04,60.73,60.39,60.93,60.52,61.16,61.27,60.28,60.03,59.93
2021-8-20 0:22:0,60.31,60.24,60.29,60.62,60.64,60.66,60.15,60.59,60.43,61.33,61.87,60.98,61.21,61.15,61.19,61.11,60.68,60.07,60.01,60.61
2021-8-20 0:22:1,60.56,60.53,60.06,60.40,60.30,60.47,61.10,60.72,60.84,61.01,60.76,59.91,59.83,59.63,60.44,60.70,60.78,61.26,60.79,61.52
2021-8-20 0:22:2,61.39,61.47,61.33,60.87,61.50,61.34,60.75,60.35,59.74,59.69,59.91,60.42,61.63,61.39,61.31,61.24,60.31,60.69,61.13,61.08
2021-8-20 0:22:3,61.48,60.88,60.89,61.10,61.52,61.52,61.49,61.56,61.49,61.54,61.25,61.42,61.92,62.82,62.48,61.90,61.86,62.35,62.85,63.13
2021-8-20 0:22:4,62.39,61.96,62.79,62.85,62.56,61.90,61.42,62.01,61.93,62.76,63.35,63.62,63.82,63.41,62.67,62.34,64.16,64.20,64.27,64.42
2021-8-20 0:22:5,63.65,63.63,63.82,63.50,63.15,64.25,63.78,62.93,63.17,61.99,62.07,62.64,62.75,64.51,65.05,64.77,64.38,63.19,63.71,63.86
2021-8-20 0:22:6,62.99,63.09,64.03,64.01,64.06,64.09,64.24,64.28,64.17,63.98,63.86,64.03,64.48,64.28,63.50,63.49,63.57,63.60,64.01,63.67
2021-8-20 0:22:7,63.46,63.57,63.33,63.68,63.93,64.38,64.29,63.95,63.85,63.36,64.12,64.55,65.13,65.55,64.64,65.62,65.51,65.62,66.88,68.16
2021-8-20 0:22:8,69.87,71.52,71.80,72.30,73.57,75.36,76.93,77.94,79.13,79.66,80.13,80.41,80.26,79.94,79.74,80.09,80.35,80.23,80.67,80.36,80.69
2021-8-20 0:22:9,80.94,80.45,80.30,79.85,79.78,79.91,80.06,80.01,79.51,78.87,78.78,78.10,77.51,77.48,76.85,76.31,76.35,76.44,76.63,76.90,77.18
2021-8-20 0:22:10,76.28,76.13,75.77,74.76,75.13,74.55,74.05,74.33,74.05,74.27,74.62,74.03,74.14,74.03,73.58,73.97,73.34,72.58,72.38,71.81
2021-8-20 0:22:11,71.90,72.27,72.27,72.34,72.38,72.75,72.85,73.57,73.91,73.60,74.02,73.64,74.13,74.78,75.00,75.34,75.40,75.30,76.23,77.61,77.82
2021-8-20 0:22:12,78.58,78.45,77.67,78.16,78.37,78.16,78.89,79.20,79.38,79.42,79.16,79.08,78.64,78.28,77.40,76.85,76.10,75.85,75.93,74.91
2021-8-20 0:22:13,74.54,74.37,73.93,74.16,74.12,74.22,73.93,73.30,72.27,70.84,69.89,69.05,69.07,68.99,69.36,69.48,68.90,68.71,67.65,67.43
2021-8-20 0:22:14,67.22,66.89,66.93,66.72,66.54,66.27,66.64,66.00,66.13,66.04,66.07,66.91,66.91,66.74,66.69,66.45,66.70,67.28,67.21,67.09,67.01
2021-8-20 0:22:15,67.11,67.63,68.40,69.17,69.27,68.81,68.43,67.57,67.21,67.14,67.33,67.22,68.18,68.78,69.24,70.42,70.53,71.22,71.89,72.30
2021-8-20 0:22:16,72.90,72.49,72.09,72.37,72.59,73.34,73.43,73.74,73.59,72.91,72.56,72.40,71.81,72.07,72.23,72.05,71.83,71.38,71.17,70.93
2021-8-20 0:22:17,70.83,70.44,70.81,70.08,69.68,69.46,68.95,68.67,68.70,68.36,68.08,67.84,68.03,68.08,68.00,68.18,68.46,69.41,69.99,70.32
2021-8-20 0:22:18,70.65,70.89,71.42,72.13,72.32,72.34,71.97,72.36,73.20,74.36,75.27,75.40,75.41,74.81,74.42,73.53,73.11,73.12,73.16,73.96
2021-8-20 0:22:19,73.17,72.93,72.76,72.60,73.18,73.27,73.03,72.98,72.97,72.88,72.67,72.21,71.58,71.57,72.05,72.61,72.99,73.00,72.97,72.88
2021-8-20 0:22:20,73.29,73.27,73.41,73.85,73.51,74.21,74.81,74.90,76.20,76.14,76.19,76.74,77.00,78.08,78.51,78.34,78.82,78.03,78.12,78.42
2021-8-20 0:22:21,77.98,77.98,77.56,77.18,76.74,76.84,77.37,77.03,77.28,77.32,77.24,77.75,79.00,79.45,80.21,80.23,79.33,78.43,77.29,77.15
2021-8-20 0:22:22,76.54,76.27,76.07,75.76,75.51,75.61,75.00,75.47,75.10,75.44,76.38,75.88,76.49,76.55,75.70,75.31,74.96,74.60,74.56,74.75
2021-8-20 0:22:23,74.77,74.44,74.55,74.50,73.88,74.28,74.34,74.58,74.96,74.85,74.88,74.76,74.86,74.39,74.83,74.67,74.41,75.26,76.12,75.99
2021-8-20 0:22:24,76.64,77.17,76.55,76.67,77.30,77.09,77.43,78.00,78.23,78.31,78.63,79.19,78.78,78.70,78.46,79.17,79.80,80.12,80.02,78.94
2021-8-20 0:22:25,78.68,78.48,77.99,78.27,77.19,76.35,76.33,75.28,75.50,75.42,75.56,75.67,75.21,74.93,74.38,74.33,73.74,73.60,73.22,73.05,73.28
2021-8-20 0:22:26,72.94,72.57,72.06,71.36,70.90,70.91,70.46,70.57,70.74,70.58,70.87,70.92,71.32,71.40,71.40,71.39,71.51,71.93,71.76,71.87
2021-8-20 0:22:27,71.63,71.41,71.52,71.52,71.64,71.44,71.78,71.86,71.71,71.44,71.36,71.58,71.64,71.58,71.66,71.66,71.36,71.47,71.06,70.71
2021-8-20 0:22:28,70.75,70.66,70.79,70.70,70.93,70.80,70.56,70.73,70.06,69.85,69.72,69.29,69.61,70.12,70.50,70.64,70.82,71.02,70.80,71.05
2021-8-20 0:22:29,70.59,69.53,69.01,68.39,68.15,68.67,68.27,67.44,67.10,66.06,66.24,66.19,66.46,66.46,65.44,64.83,63.91,63.82,63.89,64.16
2021-8-20 0:22:30,64.26,63.32,63.84,63.97,63.77,64.00,62.98,62.80,61.94,61.77,62.36,62.21,62.85,62.93,62.10,61.31,60.38,60.46
2021-8-20 0:22:31,60.10,59.95,60.13,59.43,59.96,60.11,59.74,59.87,59.09,59.74,59.96,59.58,60.06,59.27,59.41,60.01,59.86,59.38,58.96,58.61
2021-8-20 0:22:32,58.71,59.49,59.77,59.60,59.51,59.20,58.92,58.56,58.74,58.67,59.22,59.50,59.58,59.57,59.49,60.47,59.63,59.10,59.14,58.83
2021-8-20 0:22:33,59.46,59.77,59.38,59.07,59.34,60.10,60.44,60.52,60.04,59.34,59.11,59.24,60.24,60.35,61.02,60.67,60.21,60.94,60.46,60.65
2021-8-20 0:22:34,60.57,60.30,60.12,60.34,60.42,60.07,60.86,60.71,60.54,61.42,61.38,61.83,62.37,62.34,62.08,61.71,61.81,61.59,61.90,62.20
2021-8-20 0:22:35,61.82,62.31,62.36,62.32,62.46,62.55,62.08,61.04,60.80,60.05,59.83,60.93,60.42,59.41,59.64,58.77,58.53,58.85,58.74,58.78,59.14
2021-8-20 0:22:36,58.96,59.12,59.23,58.70,58.94,58.67,58.66,58.87,59.12,58.72,58.76,58.88,58.20,58.68,58.36,58.07,58.19,57.68,58.11,58.37,58.01
2021-8-20 0:22:38,57.99,57.89,57.82,59.01,59.15,59.21,59.46,58.58,59.14,58.76,58.87,59.55,59.50,59.90,59.99,59.83,59.76,59.68,59.74,59.69
2021-8-20 0:22:39,59.58,59.73,59.48,59.55,59.71,59.89,60.03,60.40,60.56,60.25,60.58,60.53,60.73,61.49,61.64,61.95,62.07,61.87,61.93,62.18
2021-8-20 0:22:40,61.99,62.34,62.35,62.64,62.92,62.56,63.09,61.98,61.39,61.07,59.87,59.57,59.21,58.33,58.37,58.33,58.46,59.39,59.26,59.46
2021-8-20 0:22:41,59.19,58.60,58.18,57.94,57.98,57.83,57.94,57.80,57.72,57.49,57.41,57.73,57.42,57.69,58.36,58.33,58.78,58.77,58.56,59.71
2021-8-20 0:22:42,59.95,60.00,59.79,58.50,58.43,58.75,58.67,59.06,58.44,58.00,57.35,56.80,57.16,57.36,58.05,58.30,58.18,58.19,58.11,58.13,57.90
2021-8-20 0:22:43,57.57,57.75,57.70,58.12,57.94,57.87,58.49,58.47,59.36,59.47,58.52,58.21,57.52,57.75,57.72,58.24,58.32,57.82,58.18,57.92
2021-8-20 0:22:44,57.84,57.90,57.82,58.04,58.54,58.36,58.13,58.02,57.68,57.38,58.65,58.75,58.66,59.06,58.16,57.78,57.64,57.82,57.43,58.02
2021-8-20 0:22:45,58.22,58.15,58.31,58.53,59.00,59.45,59.80,59.82,59.39,58.80,58.13,58.23,58.71,59.27,60.39,59.89,59.90,59.24,58.76,59.00
2021-8-20 0:22:46,59.45,60.39,61.00,61.82,61.70,62.31,63.13,62.83,64.12,64.46,64.29,65.26,65.07,65.06,65.49,65.11,65.22,65.58,65.75,65.74
2021-8-20 0:22:47,65.59,65.74,65.80,66.15,66.27,65.72,65.71,66.50,67.16,68.53,68.68,69.07,69.20,69.35,69.72,69.60,70.38,70.60,70.43,70.25
2021-8-20 0:22:48,69.79,69.25,69.53,69.62,70.40,71.00,71.60,71.94,71.95,72.30,72.05,71.50,70.33,69.65,69.40,69.03,69.33,69.04,68.54,68.61
2021-8-20 0:22:49,68.31,68.30,68.70,68.99,69.18,68.99,68.55,68.38,68.40,68.26,68.46,68.96,68.59,68.50,67.90,67.01,66.45,66.30,66.72,66.11,66.33
2021-8-20 0:22:50,66.03,65.49,65.34,65.38,65.40,65.76,66.14,66.11,66.54,66.23,66.78,66.36,66.27,66.50,66.03,66.49,66.47,66.25,66.09,65.75
2021-8-20 0:22:51,65.47,65.41,65.88,66.76,66.70,66.70,66.17,64.73,64.80,64.12,64.37,64.84,64.57,65.28,65.31,65.32,65.60,65.57,64.86,64.83
2021-8-20 0:22:52,64.53,64.18,64.87,64.49,64.64,65.05,64.84,65.46,65.46,65.27,64.98,64.90,64.76,64.26,64.31,64.43,64.63,64.82,64.83,64.08,63.42
2021-8-20 0:22:53,63.05,62.80,62.94,62.72,63.02,63.44,63.72,63.65,63.35,63.03,62.34,62.55,63.00,62.90,62.73,63.15,63.03,63.35,63.82,63.48
2021-8-20 0:22:54,63.89,63.99,63.78,64.30,64.38,64.44,64.91,64.75,64.65,65.16,65.31,65.78,65.52,65.41,65.81,65.50,65.75,65.57,65.23,65.25
2021-8-20 0:22:55,65.45,65.99,66.04,66.39,66.76,67.20,67.65,68.32,68.92,68.49,68.65,68.29,67.71,67.41,67.35,67.27,67.07,67.16,67.03,67.66,68.14
2021-8-20 0:22:56,68.52,68.69,68.32,68.62,68.76,69.27,69.84,69.88,69.93,69.77,69.85,69.78,69.49,68.98,68.16,67.16,66.93,66.63,66.97,67.73
2021-8-20 0:22:57,67.98,69.21,69.30,69.20,68.81,68.16,68.40,68.53,69.34,69.39,68.58,68.49,67.85,67.92,68.42,68.33,69.04
2021-8-20 0:22:58,69.63,69.77,70.07,69.73,69.49,69.58,69.44,68.90,68.74,68.23,68.22,69.14,68.93,68.93,69.53,68.98,68.87,69.76,68.77,68.65
2021-8-20 0:22:59,68.84,68.29,68.47,68.80,68.56,68.20,68.71,68.67,69.29,69.67,69.56,69.57,68.86,68.45,68.29,67.69,67.36,66.97,66.59,66.56
2021-8-20 0:23:0,66.31,66.53,66.87,67.03,67.29,67.19,66.91,66.92,66.81,66.56,65.94,65.87,65.93,66.07,66.50,66.51,66.53,66.70,66.61,66.37
2021-8-20 0:23:1,67.00,66.85,66.97,67.04,66.78,67.17,67.34,67.89,67.64,67.51,67.24,66.73,67.06,67.28,67.49,67.67,67.18,67.10,66.41,66.09
2021-8-20 0:23:2,65.88,64.76,64.59,63.95,64.00,64.63,64.74,65.18,64.86,64.82,65.01,64.84,65.04,64.75,64.98,65.45,65.53,65.50,65.50,65.30
2021-8-20 0:23:3,65.32,65.50,65.41,65.48,65.15,65.13,65.39,65.73,65.93,66.07,65.24,65.16,64.84,64.83,65.37,64.91,65.25,65.10,64.66,64.26
2021-8-20 0:23:4,63.76,63.56,63.60,63.56,64.68,64.86,65.45,66.22,65.98,66.29,66.44,66.59,66.45,66.50,66.01,65.31,65.11,64.25,63.44,62.91
2021-8-20 0:23:5,62.45,62.60,62.43,62.89,62.47,62.18,63.00,62.47,62.56,62.67,62.56,62.94,63.01,63.29,63.22,63.39,63.54,63.29,63.02,62.80
2021-8-20 0:23:6,63.07,63.31,63.49,63.60,63.50,63.31,62.72,62.17,62.21,61.87,62.16,62.00,61.80,61.73,61.63,61.81,61.89,61.99,62.33,62.64
2021-8-20 0:23:7,61.85,62.21,62.04,61.64,62.29,61.93,61.34,61.47,61.20,60.76,61.31,60.68,60.49,60.90,61.03,61.61,61.55,61.20,60.81,61.33,61.26
2021-8-20 0:23:8,60.85,60.55,60.02,60.22,60.65,61.22,61.56,62.10,62.44,62.52,62.84,62.64,62.55,62.56,62.56,62.96,63.49,63.83,64.48,64.44,65.49
2021-8-20 0:23:9,66.09,65.93,66.76,66.04,66.16,66.49,66.16,66.56,66.37,66.08,65.48,64.82,64.36,63.86,64.12,63.88,63.76,63.97,64.18,64.66
2021-8-20 0:23:10,64.81,64.46,64.39,64.76,64.89,64.97,65.32,65.08,65.53,66.08,65.84,65.88,65.81,65.85,66.24,66.33,65.89,65.91,65.37,65.15
2021-8-20 0:23:11,65.19,64.11,64.19,64.11,64.14,64.93,64.44,64.29,64.18,63.60,63.73,63.42,62.98,63.10,62.81,62.58,62.76,62.68,62.93,62.95
2021-8-20 0:23:12,62.80,62.49,62.14,62.19,62.15,62.60,62.78,62.98,63.07,62.63,62.38,62.21,62.26,62.89,63.63,63.85,63.74,63.74,63.28,62.98,63.21
2021-8-20 0:23:13,62.97,63.45,63.79,63.97,64.26,64.16,64.84,65.08,65.67,65.95,65.69,65.63,65.95,66.43,66.76,67.73,67.67,68.14,69.17,69.32
2021-8-20 0:23:14,69.95,70.12,70.24,70.78,71.48,72.58,72.67,72.56,72.10,70.89,70.58,70.34,69.79,69.44,68.93,67.82,67.10,66.74,65.95,65.73
2021-8-20 0:23:15,65.33,64.21,63.80,62.77,61.77,61.44,61.02,60.94,61.22,61.49,61.17,61.93,61.81,61.53,61.81,61.43,61.87,61.70,61.63,61.66
2021-8-20 0:23:16,61.19,61.31,60.90,60.51,60.35,60.20,60.34,60.44,60.73,61.33,61.13,61.21,60.77,60.13,60.16,60.38,60.69,60.98,61.98,62.09
2021-8-20 0:23:17,62.31,62.25,62.03,61.80,61.91,62.63,62.66,62.66,63.14,62.28,62.47,62.97,62.69,63.07,62.57,62.34,62.07,62.03,61.71,60.91
2021-8-20 0:23:18,60.56,60.36,60.71,60.86,60.92,60.87,59.71,59.78,59.16,58.89,59.91,60.11,60.57,61.06,61.47,61.57,61.63,61.34,61.13,61.01
2021-8-20 0:23:19,61.30,61.96,61.87,61.62,61.46,61.82,62.20,62.46,62.87,62.60,62.36,63.05,62.89,62.90,63.29,62.42,62.60,62.58,62.77,63.80,63.72
2021-8-20 0:23:20,63.89,64.12,64.07,64.56,64.95,65.00,65.21,65.48,65.59,65.66,65.81,65.82,65.36,65.12,65.07,65.24,65.45,65.30,64.88,64.30
2021-8-20 0:23:21,64.17,63.77,64.24,64.70,64.90,66.12,66.28,66.23,66.04,65.54,65.48,65.15,64.86,64.64,63.92,63.72,63.99,63.56,63.58,63.71
2021-8-20 0:23:22,63.49,63.64,63.53,63.13,62.89,62.75,62.75,63.03,63.10,62.99,63.35,63.21,63.31,63.30,63.19,63.51,64.10,64.46
2021-8-20 0:23:23,64.42,64.46,64.19,64.39,64.39,64.53,64.50,64.28,64.78,65.28,65.75,66.33,66.28,65.97,65.54,65.75,66.28,66.85,67.48,67.64,67.39
2021-8-20 0:23:24,67.12,67.24,67.67,67.86,67.89,67.92,67.69,67.76,68.64,68.81,68.49,69.57,69.05,69.47,69.64,68.66,68.73,68.16,68.20,67.95,67.69
2021-8-20 0:23:25,68.28,68.18,68.76,68.79,67.99,68.65,68.75,68.22,69.16,68.58,68.13,69.56,69.18,69.47,70.07,69.66,69.66,70.24,70.59,70.92
2021-8-20 0:23:26,72.11,71.60,71.77,71.94,71.20,72.13,72.57,72.46,72.29,72.48,71.57,71.23,71.68,70.67,70.63,70.74,70.27,70.65,71.48,71.77,72.41
2021-8-20 0:23:27,71.92,71.60,71.29,70.56,70.82,70.66,70.66,70.60,70.89,71.62,71.74,72.73,72.87,72.10,72.68,72.01,71.90,72.37,71.99,72.01
2021-8-20 0:23:28,72.23,71.76,72.08,72.95,72.98,73.43,73.38,72.77,73.20,73.66,74.25,74.76,74.70,74.52,74.35,74.22,74.67,74.25,74.62,74.52
2021-8-20 0:23:29,73.74,73.82,73.19,73.05,73.33,73.55,73.52,73.25,72.82,72.83,72.57,72.77,72.82,72.08,72.18,72.20,71.94,71.95,71.93,71.93,72.85
2021-8-20 0:23:30,73.25,73.35,73.55,73.35,74.05,74.07,73.77,73.93,73.28,73.03,72.75,71.52,70.85,70.34,70.32,70.64,70.42,69.56,68.90,68.12
2021-8-20 0:23:31,67.30,67.11,66.62,65.82,65.76,66.58,66.54,66.68,67.27,66.80,66.87,66.95,66.26,65.94,65.66,65.45,65.17,64.59,64.67,64.24
2021-8-20 0:23:32,63.78,64.08,63.60,63.54,64.04,63.73,63.98,64.04,64.02,64.77,64.09,63.75,62.73,61.04,60.64,60.37,60.63,60.50,60.64,62.89,64.87
2021-8-20 0:23:33,67.19,69.32,69.43,69.98,70.52,70.32,70.18,69.33,68.33,67.00,65.11,63.43,61.67,60.96,60.83,60.47,60.52,60.47,62.33,64.39
2021-8-20 0:23:34,66.25,68.47,68.32,66.56,64.84,62.37,60.44,60.11,60.26,60.27,59.89,60.22,59.56,59.90,60.26,59.90,60.28,59.80,59.20,58.99
2021-8-20 0:23:35,59.09,59.21,59.65,59.93,59.63,59.98,60.15,59.77,60.22,60.09,59.65,59.62,59.27,59.34,59.68,60.04,60.39,60.33,59.79,60.22
2021-8-20 0:23:36,60.24,60.25,60.98,60.72,60.41,60.45,60.25,60.61,60.94,61.18,61.29,61.15,60.92,60.99,61.18,61.27,61.75,62.22,62.56,63.12
2021-8-20 0:23:37,63.34,63.71,64.26,64.52,64.47,64.04,63.79,63.71,64.37,64.80,65.14,65.01,65.47,65.51,65.62,66.37,66.08,66.75,68.32,70.18
2021-8-20 0:23:38,72.45,74.37,75.31,75.80,76.22,76.70,77.27,77.77,78.07,77.74,77.15,76.31,75.18,74.38,72.52,70.26,68.15,65.97,64.47,63.15
2021-8-20 0:23:39,62.20,61.86,61.96,62.24,62.57,62.54,63.01,63.31,63.32,63.46,63.34,63.66,64.17,64.50,64.20,64.14,63.84,63.93,64.06,64.24
2021-8-20 0:23:40,64.09,63.73,64.03,63.62,63.29,62.89,62.19,61.95,61.79,61.18,61.64,61.53,61.55,61.95,61.68,61.59,61.52,61.28,61.19,60.97,61.19
2021-8-20 0:23:41,61.21,60.76,60.57,60.03,59.87,60.39,60.96,61.15,61.23,60.62,59.98,60.27,60.46,60.51,60.75,60.73,60.55,60.59,60.53,60.42
2021-8-20 0:23:42,60.53,60.37,60.53,60.37,60.17,59.63,59.48,59.20,59.38,60.17,60.03,60.19,60.30,60.23,60.08,60.29,60.33,60.56,61.18,61.09
2021-8-20 0:23:43,61.23,61.15,61.00,61.09,60.78,60.59,60.65,60.42,60.59,60.29,59.78,60.15,59.92,60.42,60.28,59.76,59.51,59.01,60.08,60.25
2021-8-20 0:23:44,60.99,61.44,61.84,61.65,61.28,61.19,60.21,60.24,60.23,60.23,60.36,61.12,61.08,61.17,61.35,60.73,61.23,61.41,61.05,61.13
2021-8-20 0:23:45,60.79,60.65,60.78,61.22,61.36,61.19,61.67,61.63,61.55,61.39,61.34,61.74,62.32,62.71,62.52,62.19,62.32,62.97,63.02,63.51
2021-8-20 0:23:46,63.26,63.36,64.16,63.62,64.48,64.18,63.79,64.31,64.35,64.55,64.84,65.37,65.03,66.27,66.85,67.06,67.58,67.00,67.09,66.99
2021-8-20 0:23:47,66.80,67.36,67.87,67.75,67.49,66.59,65.47,65.67,65.60,65.57,65.11,64.46,64.06,63.53,62.87,62.23,61.93,61.64,61.86
2021-8-20 0:23:48,61.92,61.55,61.29,60.82,60.18,60.06,59.99,60.30,60.20,59.88,59.91,59.95,60.50,60.71,60.04,60.09,59.75,59.40,60.05,59.98
2021-8-20 0:23:49,60.13,60.35,60.52,60.79,60.49,60.71,60.56,60.13,60.73,60.37,60.28,60.30,60.22,60.56,60.54,60.28,59.88,59.42,59.28,59.67
2021-8-20 0:23:50,60.42,60.75,60.71,60.31,59.64,59.25,59.13,59.16,58.53,58.88,58.79,58.93,59.92,60.15,60.59,60.76,60.01,59.43,59.33,58.92
2021-8-20 0:23:51,59.63,60.42,60.36,60.33,60.49,60.24,59.87,60.19,59.76,59.30,59.35,59.42,59.21,59.32,59.69,59.55,58.90,58.97,58.59,58.75
2021-8-20 0:23:52,59.55,60.09,60.38,60.03,60.08,59.86,59.73,59.97,60.49,59.98,60.75,60.58,59.94,60.17,59.53,59.64,59.50,59.96,59.81,59.28
2021-8-20 0:23:53,59.14,59.34,59.65,60.52,60.55,60.23,59.79,59.11,59.14,58.86,59.03,59.14,59.38,59.70,59.42,59.69,59.23,58.62,58.53,58.25
2021-8-20 0:23:54,58.51,58.48,59.29,59.62,59.91,59.81,59.21,59.00,58.94,59.23,59.91,60.27,60.14,60.14,59.60,59.60,59.79,60.11,60.46,60.42
2021-8-20 0:23:55,60.60,60.26,60.15,60.10,60.04,60.38,60.29,60.04,59.95,59.83,59.94,60.20,60.29,60.31,60.35,59.93,59.99,59.88,59.60,59.77
2021-8-20 0:23:56,59.29,59.28,59.44,59.70,59.74,59.59,59.33,58.73,58.97,59.34,59.57,60.26,60.05,59.50,59.48,59.33,59.02,59.42,59.14,58.73
2021-8-20 0:23:57,58.63,57.96,58.15,58.12,58.70,59.37,59.15,59.09,58.89,58.67,58.77,58.90,59.01,59.03,59.26,59.30,59.57,59.69,59.67,59.59
2021-8-20 0:23:58,59.40,58.85,58.55,58.87,58.88,59.35,59.12,58.28,57.89,57.89,58.51,58.99,59.31,59.58,59.41,59.64,59.52,59.26,59.24,58.58
2021-8-20 0:23:59,58.49,58.34,58.71,59.50,59.43,59.62,59.52,59.07,59.28,59.44,58.94,58.83,58.56,58.21,58.36,59.00,58.71,59.26,59.36,59.22
2021-8-20 0:24:0,59.44,59.28,59.33,59.18,59.46,59.64,59.80,59.81,60.22,59.53,59.31,59.57,59.11,59.19,59.29,58.70,59.42,60.14,60.24,60.74
2021-8-20 0:24:1,60.33,59.89,60.38,60.52,60.48,60.31,59.93,59.74,59.74,59.88,59.85,59.74,59.67,59.84,59.75,59.78,59.63,59.62,59.19,58.90
2021-8-20 0:24:2,59.04,59.29,59.79,59.71,59.93,59.50,58.76,59.34,59.09,59.28,59.84,59.15,59.38,59.67,59.66,60.01,59.62,58.99,59.30,59.43
2021-8-20 0:24:3,59.39,58.89,59.29,59.38,59.58,60.41,59.41,58.67,58.81,59.06,59.03,59.86,59.95,59.82,60.12,59.78,59.16,58.83,58.87,59.14
2021-8-20 0:24:4,59.28,58.94,59.24,59.17,59.94,60.05,60.10,60.08,59.53,59.99,59.86,59.72,60.13,59.95,59.41,59.37,58.95,59.27,59.53,59.36
2021-8-20 0:24:5,58.97,58.55,58.61,59.18,59.63,59.44,59.48,59.39,59.17,59.33,59.40,59.20,59.53,59.45,59.01,59.05,58.77,58.74,59.05,59.10
2021-8-20 0:24:6,58.89,58.72,58.89,59.29,59.45,60.02,60.40,59.98,60.45,60.69,59.88,60.00,59.82,59.63,59.87,59.62,59.69,59.23,59.42,59.77,59.29
2021-8-20 0:24:7,59.31,58.99,59.24,59.70,60.10,60.21,60.16,60.16,59.83,59.61,59.28,58.90,59.16,59.41,59.27,59.66,59.59,59.68,59.66,59.51
2021-8-20 0:24:8,59.71,59.30,59.08,58.90,58.65,58.83,58.80,59.10,59.09,59.83,60.16,60.04,60.33,59.83,59.98,59.52,59.01,58.63,58.28,58.98
2021-8-20 0:24:9,59.12,59.22,59.68,59.48,59.44,59.32,59.28,59.49,59.71,59.79,59.46,58.77,58.48,58.73,58.90,58.82,58.87,58.85,59.06,59.60
2021-8-20 0:24:10,59.86,60.05,59.64,59.93,59.94,59.73,59.94,59.67,59.32,59.69,59.70,60.06,60.22,59.99,60.22,59.90,60.74,61.21,61.44,61.06
2021-8-20 0:24:11,60.53,60.09,59.65,60.45,60.87,60.82,60.50,60.32,59.73,59.43,60.01,60.23,60.28,60.82,60.88,60.44,60.15,59.67,59.35,59.23
2021-8-20 0:24:12,59.52,59.86,59.60,59.96,60.60,60.91,61.40,61.66,61.13,60.80,60.95,60.43,60.19,60.27,59.91,60.02,60.03,60.23,60.34,60.47
2021-8-20 0:24:13,60.51,60.90,61.12,61.23,61.48,60.96,61.21,61.52,61.32,61.67,61.19,60.68,60.96,60.67,60.77,60.75,60.68,60.71,60.15,60.18
2021-8-20 0:24:14,60.39,60.39,61.07,61.24,61.20,60.61,60.39,60.30,60.10,60.52,60.51,61.03,61.21,60.72,60.62,60.50,60.29,60.31,60.51,59.94
2021-8-20 0:24:15,60.02,60.64,60.35,60.60,60.49,60.00,60.47,60.63,60.62,61.03,60.86,60.38,60.69,60.59,60.35,59.98,59.63,59.82,59.93,60.44
2021-8-20 0:24:16,60.77,60.80,60.45,60.33,60.00,60.15,60.86,61.07,60.88,60.84,60.92,60.89,61.34,60.68,60.30,60.47,60.26,60.72,60.58,60.27
2021-8-20 0:24:17,60.49,60.51,61.12,61.40,62.05,62.55,62.47,62.22,61.68,61.45,61.44,61.90,61.53,61.15,61.15,61.09,61.49,61.01,60.76,60.18
2021-8-20 0:24:18,59.82,60.19,60.43,60.64,60.74,60.92,60.75,60.79,60.64,60.68,60.49,60.27,60.35,60.32,60.65,60.64,60.69,60.97,60.49,60.85
2021-8-20 0:24:19,60.63,60.07,60.27,60.44,60.91,61.57,61.83,62.00,61.58,61.14,61.12,61.22,61.45,61.41,61.53,61.26,61.10,61.14,60.83,60.55
2021-8-20 0:24:20,60.81,61.04,61.58,61.38,61.15,61.27,60.32,60.49,60.90,60.59,61.11,61.70,61.37,61.46,61.32,60.62,60.71,60.69,60.86,61.64
2021-8-20 0:24:21,61.85,61.79,61.74,61.54,61.54,61.87,61.47,60.70,60.14,59.60,59.66,60.22,60.45,60.64,60.99,61.26,61.13,61.37,61.42,60.75
2021-8-20 0:24:22,61.29,61.26,61.00,61.80,61.96,62.02,62.40,61.79,61.55,61.44,61.21,60.92,60.62,61.25,61.46,62.04,62.30,62.29,62.25,61.74
2021-8-20 0:24:23,61.44,61.05,60.81,61.20,61.56,60.82,60.99,61.59,61.40,61.93,61.79,60.92,60.73,60.32,60.69,60.73,60.42,60.94,60.89,61.06
2021-8-20 0:24:24,61.35,61.03,61.28,61.67,62.65,63.02,62.51,62.16,61.66,61.52,62.04,62.29,62.38,62.62,62.41,62.29,62.09,62.03,61.92,61.95,61.97
2021-8-20 0:24:25,61.77,61.90,62.53,62.44,62.84,62.47,62.05,62.04,61.60,61.91,61.65,61.42,61.48,61.31,61.66,62.96,63.37,63.74,63.50,62.37
2021-8-20 0:24:26,62.06,61.76,61.97,61.85,61.42,61.33,61.27,61.58,62.51,62.62,62.68,62.79,61.98,62.33,62.13,62.08,62.91,62.34,62.58,62.52,62.12
2021-8-20 0:24:28,62.10,61.52,60.96,61.04,61.21,61.48,62.15,62.17,62.15,62.48,62.79,62.62,62.87,62.39,62.69,62.59,61.82,62.29,61.53,61.01
2021-8-20 0:24:29,61.58,61.31,61.63,61.97,61.94,61.91,61.47,61.98,61.90,61.85,61.88,61.56,61.72,61.78,62.09,62.07,62.26,62.40,61.88,62.16
2021-8-20 0:24:30,62.13,62.30,62.14,61.84,61.89,61.80,62.16,61.94,61.89,61.81,61.74,61.58,60.99,61.07,61.15,61.45,61.77,61.86,61.41,61.57
2021-8-20 0:24:31,61.92,61.67,61.93,62.14,62.21,62.52,62.50,61.65,61.68,61.73,61.71,62.59,62.68,62.39,62.86,62.37,62.13,62.26,62.01,62.55
2021-8-20 0:24:32,62.64,62.60,62.82,62.77,62.56,62.18,62.04,61.82,61.94,62.22,62.39,63.10,62.84,62.95,62.71,62.17,62.83,62.40,62.31,62.24
2021-8-20 0:24:33,62.21,62.96,62.78,63.16,63.02,62.98,63.18,63.04,62.81,62.52,62.98,62.52,61.91,61.98,61.96,62.37,63.01,62.74,62.79,62.57
2021-8-20 0:24:34,62.54,62.99,63.12,62.82,62.83,62.97,62.62,63.41,63.35,63.00,63.37,63.09,62.74,62.73,62.66,62.74,63.20,63.39,63.14,63.10
2021-8-20 0:24:35,62.95,62.48,62.70,62.70,63.37,63.59,63.41,63.20,62.52,62.54,62.35,62.18,61.96,61.69,61.64,61.91,62.13,62.07,61.94,61.46
2021-8-20 0:24:36,61.39,61.53,61.76,62.00,62.00,61.57,61.50,61.15,61.38,62.01,61.67,61.97,61.79,61.33,61.41,61.14,60.84,60.91,61.35,61.96
2021-8-20 0:24:37,62.32,62.31,62.27,61.83,61.93,62.31,62.33,62.89,62.68,62.54,62.22,61.50,61.59,61.47,61.73,62.35,62.17,61.93,61.63,61.12,60.91
2021-8-20 0:24:38,61.33,61.96,63.09,64.68,66.58,68.24,69.46,70.51,71.10,71.85,73.29,74.65,75.74,76.36,76.13,75.89,75.93,75.93,76.55,76.70
2021-8-20 0:24:39,76.39,77.09,76.81,76.92,77.33,76.93,76.80,77.17,77.76,78.29,78.67,79.00,78.84,78.32,78.95,78.46,77.44
2021-8-20 0:24:40,77.09,76.53,76.76,77.12,76.49,75.92,75.52,75.53,75.66,75.08,74.55,74.01,74.14,74.12,73.97,73.63,73.73,73.88,73.51,73.61
2021-8-20 0:24:41,73.10,72.68,72.64,72.82,72.66,72.86,72.42,72.29,72.33,72.09,72.37,72.32,72.47,72.75,73.00,73.10,73.54,73.72,74.05,74.59,74.41
2021-8-20 0:24:42,74.48,74.55,74.39,74.66,74.83,75.09,75.94,75.91,76.39,76.71,76.72,77.55,77.90,78.50,78.74,79.15,79.83,79.69,79.63,79.47
2021-8-20 0:24:43,79.00,79.13,79.43,80.25,80.95,81.71,82.16,82.55,82.69,82.70,83.37,82.78,82.93,83.24,82.80,83.24,84.02,84.34,84.99,85.76
2021-8-20 0:24:44,85.61,85.89,85.97,85.93,86.40,86.71,86.84,87.01,87.08,87.24,87.37,87.66,87.37,87.37,87.81,87.40,87.25,86.76,85.49,84.49
2021-8-20 0:24:45,83.52,82.32,81.43,80.86,80.47,80.02,79.51,79.08,78.35,77.51,77.06,76.49,75.79,75.81,75.53,75.17,75.45,74.23,73.36,72.90
2021-8-20 0:24:46,72.05,72.62,71.83,70.95,70.24,69.41,70.32,71.21,71.66,72.21,71.54,70.93,70.72,70.54,70.88,70.56,70.70,70.20,70.06,70.76
2021-8-20 0:24:47,70.13,70.07,70.36,70.40,70.40,70.75,71.26,70.91,71.10,71.45,71.02,71.42,71.21,70.41,69.49,69.56,69.51,69.68,69.88,69.52
2021-8-20 0:24:48,70.92,71.68,72.10,72.28,71.54,71.27,71.57,71.82,72.00,71.97,72.22,72.28,72.03,72.27,72.19,72.23,72.82,73.10,73.55,72.99
2021-8-20 0:24:49,73.09,72.76,72.13,71.99,71.23,71.07,70.46,70.11,70.00,69.17,68.98,69.49,70.02,70.44,70.68,70.59,69.96,70.52,70.30,70.87
2021-8-20 0:24:50,71.11,70.27,71.07,70.85,70.83,71.08,70.21,69.61,69.75,70.10,70.71,70.73,69.80,69.30,68.81,68.97,69.24,69.18,69.61,69.46
2021-8-20 0:24:51,69.63,69.10,68.63,68.41,68.31,68.19,68.10,68.45,68.45,69.18,69.42,69.06,69.28,68.90,69.52,69.43,69.72,70.66,70.20,71.74
2021-8-20 0:24:52,72.01,72.57,73.26,73.20,73.40,72.83,72.48,72.60,72.83,72.95,73.76,73.69,74.22,74.17,73.88,73.41,72.73,73.42,73.44,73.62
2021-8-20 0:24:53,73.39,73.27,73.40,73.44,74.07,73.86,74.15,74.51,74.52,75.30,75.36,75.63,76.32,76.47,77.17,77.87,77.70,77.83,78.19,78.29,78.36
2021-8-20 0:24:54,79.05,78.70,78.15,78.73,78.44,78.72,79.16,79.35,78.89,78.95,78.79,78.56,78.99,78.84,78.64,78.57,78.41,77.93,78.27,77.91
2021-8-20 0:24:55,77.44,77.86,76.93,76.45,76.05,74.92,75.31,75.23,75.49,75.30,75.05,74.27,74.30,74.33,74.18,74.55,73.66,73.57,73.10,73.35
2021-8-20 0:24:56,73.44,73.53,73.67,73.98,74.03,74.72,74.91,74.96,75.06,74.73,75.53,75.37,75.53,76.71,76.42,76.13,77.12,76.35,77.14,78.30
2021-8-20 0:24:57,78.75,78.78,78.43,77.72,77.62,77.63,77.99,79.38,78.90,79.79,80.45,81.19,82.77,83.24,83.25,82.63,82.65,82.63,82.65,82.01
2021-8-20 0:24:58,81.08,80.76,80.19,80.87,81.65,81.35,81.10,80.24,79.03,78.39,77.96,77.68,77.56,77.63,78.09,77.88,77.26,76.50,75.65,74.67
2021-8-20 0:24:59,73.89,72.73,71.19,70.68,69.41,68.98,68.49,67.76,67.75,67.92,67.22,67.12,66.71,65.57,65.69,65.18,65.10,65.55,65.39,65.12
2021-8-20 0:25:0,64.95,64.59,64.56,64.96,64.74,64.77,65.22,64.82,65.62,65.96,65.99,66.07,65.77,66.06,66.26,66.53,66.43,66.33,65.88,65.56
2021-8-20 0:25:1,66.00,65.20,65.12,65.40,64.28,64.67,64.55,64.59,64.73,64.53,64.42,63.66,63.50,63.43,63.25,63.40,63.59,63.23,63.26,63.20
2021-8-20 0:25:2,63.07,63.32,63.06,63.12,63.22,62.87,62.87,62.70,62.59,62.44,62.74,62.72,63.00,63.43,62.97,63.21,62.86,63.04,63.15,62.71
2021-8-20 0:25:3,62.28,61.47,61.70,62.14,62.81,63.22,63.13,62.97,62.58,63.25,63.51,63.55,64.41,63.99,63.52,63.52,62.93,63.32,63.80,63.96,64.41
2021-8-20 0:25:4,64.33,64.72,64.35,63.76,63.26,63.01,63.28,63.57,63.81,63.17,62.97,63.19,62.76,63.17,63.31,62.97,63.00,62.64,62.55,62.34
2021-8-20 0:25:5,62.26,61.76,61.40,61.39,60.94,61.29,61.17,60.98,61.15,60.97,60.64,60.15,59.69,59.21,59.48,59.62,59.59,60.17,59.65,59.95
2021-8-20 0:25:6,60.40,60.45,61.16,61.17,60.75,61.12,60.89,60.89,61.88,61.34,61.81,61.88,62.24,62.32,62.36,63.57,64.10,64.58,65.49,65.16,64.94
2021-8-20 0:25:7,66.28,66.58,66.78,67.69,67.90,68.05,69.44,69.15,69.03,69.59,69.35,70.50,71.14,71.60,71.52,71.42,71.65,71.39,71.44,70.45
2021-8-20 0:25:8,69.63,69.03,68.04,67.58,66.59,65.82,66.08,66.22,67.19,67.29,67.64,67.93,67.60,67.60,67.11,67.39,67.03,67.34,67.48,67.31
2021-8-20 0:25:9,67.04,66.38,66.48,66.26,66.83,67.06,67.28,66.37,66.33,66.55,65.41,65.99,65.37,65.20,66.03,66.04,66.72,67.22,67.42,67.80
2021-8-20 0:25:10,67.80,67.69,66.72,66.33,65.90,65.48,65.11,64.97,65.12,65.34,66.06,66.66,67.21,68.08,69.06,69.36,69.56,69.51,69.64,69.87,70.20
2021-8-20 0:25:11,70.73,70.71,71.11,71.72,71.75,72.58,72.77,72.04,72.05,71.35,71.15,71.18,70.31,70.53,69.98,70.23,69.91,69.12,68.80,67.50
2021-8-20 0:25:12,68.04,68.19,68.23,68.66,69.09,69.01,68.82,68.40,67.67,67.75,68.06,68.42,68.80,68.96,68.79,68.72,67.90,66.98,66.75,67.27
2021-8-20 0:25:13,67.67,68.35,68.67,68.05,67.98,67.53,67.07,67.01,66.79,66.74,66.61,66.31,66.22,65.82,66.10,65.92,65.57,65.26,64.61,64.72
2021-8-20 0:25:14,65.06,65.47,65.71,65.80,64.93,64.60,64.18,64.14,64.50,64.54,64.70,64.51,64.74,63.92,63.78,63.78,63.41,63.82,64.45,63.62
2021-8-20 0:25:15,63.32,63.77,63.24,63.74,63.89,63.41,63.48,63.55,63.22,63.36,63.50,63.41,63.47,63.19,62.58,62.39,62.32,62.68,62.75,63.48,63.70
2021-8-20 0:25:16,63.30,63.65,63.35,63.78,64.50,64.48,64.86,64.86,64.44,64.41,64.27,63.49,63.63,63.67,63.44,64.34,64.27,64.51,64.90,64.57
2021-8-20 0:25:17,65.18,65.36,65.09,65.29,64.70,64.38,64.26,63.85,64.39,64.59,64.80,65.34,65.31,65.18,65.44,64.96,64.57,64.63,64.17,64.79
2021-8-20 0:25:18,65.68,66.34,67.11,67.26,66.93,66.59,66.23,66.63,66.87,67.72,68.38,67.94,67.49,66.83,66.80,67.38,68.44,68.53,68.56,68.53
2021-8-20 0:25:19,67.96,67.60,67.73,67.55,68.33,69.46,68.57,68.80,68.37,68.06,68.76,68.22,68.11,67.03,67.69,68.36,68.72,68.81,68.08,67.64
2021-8-20 0:25:20,67.75,69.02,70.16,70.87,70.71,70.71,69.55,69.14,67.99,67.84,68.14,67.70,68.85,68.85,69.29,70.21,69.21,68.40,67.73,67.37
2021-8-20 0:25:21,68.65,69.28,70.03,70.15,69.19,69.49,68.87,69.08,69.80,69.76,70.30,70.47,70.78,70.80,71.12,70.32,70.15,70.44,70.35,71.40,72.22
2021-8-20 0:25:22,72.38,72.32,72.11,70.51,69.58,68.89,67.69,68.00,68.44,68.79,69.47,69.65,69.05,68.70,68.62,68.98,69.74,70.59,71.71,71.07
2021-8-20 0:25:23,70.15,69.53,68.23,68.09,67.33,66.32,66.25,66.10,66.85,66.65,66.05,65.75,66.08,66.74,67.33,66.68,65.40,64.59,63.83,64.21
2021-8-20 0:25:24,65.18,64.96,64.74,64.79,64.20,64.75,64.77,64.63,64.38,64.60,64.84,64.68,64.54,64.02,63.91,64.36,64.56,64.84,64.84,64.29,64.30
2021-8-20 0:25:25,63.80,64.01,64.52,64.50,64.54,64.20,63.76,63.55,63.30,63.33,62.84,62.85,63.34,63.20,63.58,63.46,62.99,63.01,62.46,61.85
2021-8-20 0:25:26,62.11,61.86,62.45,63.05,62.61,62.47,62.21,61.93,61.44,61.64,61.26,61.42,61.84,61.62,62.04,61.90,62.23,62.15,61.97,62.16
2021-8-20 0:25:27,62.04,61.85,61.47,61.23,60.81,61.10,61.66,61.63,61.48,61.93,61.54,62.09,62.28,62.16,62.92,62.87,63.98,64.01,63.94,64.05
2021-8-20 0:25:28,64.19,64.37,65.03,65.30,65.53,66.10,66.03,66.60,66.22,65.65,65.91,65.36,65.42,64.96,63.87,63.79,63.36,63.98,64.23,63.82
2021-8-20 0:25:29,63.99,63.54,63.99,64.10,64.04,64.16,63.64,63.12,62.72,62.10,61.54,61.90,62.12,62.50,62.47,62.48,62.32,61.81,62.04,62.01
2021-8-20 0:25:30,62.16,62.42,62.62,61.93,62.09,62.17,61.54,62.06,61.30,61.07,61.23,60.99,61.09,61.30,61.16,60.97,61.35
2021-8-20 0:25:31,61.81,61.78,62.50,61.70,61.32,61.69,61.39,62.03,61.74,61.51,61.51,61.02,61.26,61.74,61.76,62.13,61.94,61.77,60.97,60.76
2021-8-20 0:25:32,60.79,60.71,62.02,61.76,61.88,61.82,61.00,61.20,60.77,60.87,61.23,61.63,62.40,62.32,62.44,61.84,61.52,61.92,61.54,61.93,61.89
2021-8-20 0:25:33,61.10,61.26,61.52,61.45,61.45,61.67,61.07,61.46,62.16,62.49,63.13,62.79,62.70,61.85,62.25,62.69,63.03,63.67,64.24,64.92
2021-8-20 0:25:34,65.24,66.21,66.83,67.51,67.69,67.47,66.61,65.85,66.08,66.78,67.54,68.18,68.85,68.94,68.68,69.28,69.67,69.94,71.29,71.49,72.09
2021-8-20 0:25:35,73.35,73.90,74.20,74.86,74.29,74.26,75.31,75.17,76.57,77.31,77.34,77.55,76.07,74.58,74.04,72.51,72.96,72.91,72.41,72.85
2021-8-20 0:25:36,71.72,71.20,71.23,70.79,71.26,70.95,70.02,70.41,70.57,70.80,70.43,70.60,69.65,69.03,69.52,69.06,68.69,69.53,69.28,69.01
2021-8-20 0:25:37,69.30,68.81,68.71,68.51,68.29,68.01,67.12,66.85,66.62,66.50,66.63,66.15,66.01,65.53,65.66,64.98,64.66,65.34,64.78,65.13
2021-8-20 0:25:38,66.11,65.43,65.78,65.35,64.58,64.71,64.70,65.03,64.84,64.35,64.23,64.55,64.37,64.59,64.41,63.78,63.24,63.17,62.84,63.01,63.26
2021-8-20 0:25:39,63.50,63.81,63.96,63.51,63.25,62.73,62.23,62.44,61.77,62.34,62.92,63.09,63.35,62.92,62.67,62.49,62.91,63.46,63.27,63.30
2021-8-20 0:25:40,63.07,62.74,62.75,62.84,63.28,64.11,64.53,65.24,65.78,66.28,66.77,66.37,66.54,66.74,67.05,68.40,68.23,68.23,68.25,67.76
2021-8-20 0:25:41,67.88,68.14,68.34,68.88,69.32,69.12,69.45,68.98,69.83,69.96,69.52,69.41,68.80,68.36,68.20,67.98,67.20,66.73,66.67,66.55
2021-8-20 0:25:42,65.80,65.74,65.49,65.49,65.31,65.30,65.18,64.73,64.76,64.31,63.49,63.59,63.28,63.60,63.78,63.33,63.29,62.42,62.32,61.88
2021-8-20 0:25:43,62.06,62.33,62.65,63.20,63.13,63.28,62.63,62.83,62.60,62.05,62.56,61.65,61.91,62.45,62.16,62.49,62.35,61.86,62.39,62.00
2021-8-20 0:25:44,62.60,63.01,61.97,62.63,61.64,61.30,61.46,61.40,61.49,61.55,61.66,61.48,61.66,62.17,62.01,61.46,61.12,60.35,60.71,60.83
2021-8-20 0:25:45,61.17,61.11,60.43,60.42,59.57,59.15,59.83,59.61,59.74,60.19,59.64,60.15,60.80,60.69,60.33,60.11,59.47,59.04,59.23,59.01
2021-8-20 0:25:46,59.24,59.64,59.75,60.03,60.03,59.81,59.96,59.88,59.83,59.76,59.54,59.55,59.62,60.20,60.87,60.60,60.34,59.81,59.29,59.87
2021-8-20 0:25:47,60.11,60.55,60.90,60.80,60.89,61.00,60.97,60.94,61.54,61.83,61.96,62.52,62.40,62.44,63.44,63.44,63.60,64.04,63.24,63.53
2021-8-20 0:25:48,63.98,64.38,65.25,65.76,66.05,65.98,65.61,65.39,64.98,64.56,64.39,63.92,64.25,64.06,64.07,64.14,63.95,63.84,64.06,64.11
2021-8-20 0:25:49,63.88,64.32,64.48,65.06,65.52,65.56,65.85,65.41,65.26,65.27,65.20,65.47,65.49,65.77,65.27,65.11,65.24,64.83,64.63,64.88,64.74
2021-8-20 0:25:50,64.66,64.72,63.90,63.50,63.60,63.74,63.89,64.53,64.34,64.92,65.28,64.82,65.32,64.89,65.60,65.87,65.72,66.04,65.65,66.16
2021-8-20 0:25:51,67.08,66.89,66.89,66.83,66.74,66.95,66.85,67.22,66.74,67.32,67.65,67.27,67.64,66.93,67.23,66.68,66.42,66.52,66.01,66.49
2021-8-20 0:25:52,66.54,66.37,66.43,66.41,66.29,66.32,66.31,66.28,66.40,66.68,66.70,67.21,66.82,66.92,67.18,66.58,67.08,67.22,67.53,68.00
2021-8-20 0:25:53,68.24,67.71,67.38,67.53,67.13,67.54,67.42,67.26,67.38,67.72,68.25,68.62,68.97,69.25,68.95,68.77,68.54,67.48,67.47,66.83
2021-8-20 0:25:54,66.78,67.36,67.52,67.54,67.53,66.93,66.14,66.38,65.57,65.59,65.03,64.29,64.04,63.74,63.82,63.39,63.32,62.93,62.84,62.77
2021-8-20 0:25:55,62.80,62.66,62.50,62.61,62.32,62.22,62.63,62.61,62.58,62.35,61.71,61.69,61.22,61.60,61.91,61.99,63.04,63.36
2021-8-20 0:25:56,63.98,64.35,64.18,64.12,63.75,63.79,63.85,64.19,64.11,64.60,64.96,64.78,65.39,65.15,65.34,65.77,65.87,66.20,66.15,66.58
2021-8-20 0:25:57,66.78,67.06,67.69,67.78,67.82,67.64,67.73,67.81,68.11,68.79,68.84,69.64,69.81,69.79,69.83,69.64,70.05,70.20,70.71,70.80
2021-8-20 0:25:58,70.93,70.52,70.34,70.57,70.40,71.13,71.77,72.45,72.79,72.83,72.90,72.94,73.25,73.82,73.69,73.47,73.35,72.95,73.38,73.58
2021-8-20 0:25:59,74.32,74.29,73.81,73.20,72.32,72.53,72.19,71.91,71.66,71.32,71.37,70.98,70.84,70.53,70.09,69.48,68.81,68.08,67.71,67.45
2021-8-20 0:26:0,66.93,66.87,67.00,66.70,66.22,65.55,64.11,64.26,64.13,63.65,63.24,62.59,61.87,61.79,62.11,61.82,61.96,61.77,61.66,61.51
2021-8-20 0:26:1,61.29,61.50,61.21,61.23,61.74,61.71,61.59,61.82,61.83,61.82,61.70,61.43,61.50,60.93,61.11,61.60,60.82,60.96,61.05,60.31
2021-8-20 0:26:2,60.60,60.24,59.77,60.18,60.16,60.46,60.58,59.74,59.43,59.33,59.65,59.87,60.10,59.86,59.20,59.42,59.28,59.36,59.83,60.21
2021-8-20 0:26:3,60.61,60.56,60.17,60.04,59.46,59.51,59.83,59.52,59.75,59.82,59.62,59.56,59.76,59.98,60.44,60.43,60.26,60.31,60.24,60.51,60.52
2021-8-20 0:26:4,60.98,61.00,60.54,60.31,59.83,60.18,60.42,60.63,60.04,59.31,59.44,59.35,59.96,60.37,60.15,60.63,60.24,60.53,60.56,60.32
2021-8-20 0:26:5,60.62,60.56,60.89,60.98,60.74,60.53,60.38,60.66,60.99,60.86,61.04,60.84,59.92,60.37,59.98,59.85,60.07,59.68,60.04,60.36,60.96
2021-8-20 0:26:6,61.07,61.15,61.00,60.87,60.44,59.94,60.39,60.20,60.25,60.53,59.91,60.19,60.69,60.20,60.15,60.08,59.82,60.56,60.67,60.42
2021-8-20 0:26:7,60.02,59.14,59.16,58.98,58.89,58.89,58.32,57.97,57.93,58.20,58.27,58.24,58.86,59.34,59.62,59.87,59.03,58.84,58.80,58.90
2021-8-20 0:26:8,59.43,59.10,59.06,58.92,58.37,57.73,57.21,57.10,57.00,57.57,57.36,57.37,57.34,57.27,57.07,57.50,57.29,57.19,57.20,56.47
2021-8-20 0:26:9,56.97,56.67,56.72,56.93,56.83,56.94,56.41,56.71,56.72,56.89,57.31,56.63,56.20,56.19,56.31,57.12,57.74,57.72,58.24,57.89,57.35
2021-8-20 0:26:11,57.36,57.08,56.97,57.00,57.17,57.38,57.39,57.66,57.50,57.10,57.04,57.77,57.77,57.89,58.58,57.65,57.16,57.24,56.88,57.16
2021-8-20 0:26:12,57.52,57.83,57.55,57.21,57.88,57.59,57.94,58.71,58.29,58.51,58.51,57.69,57.59,57.65,57.83,57.87,58.02,57.83,57.60,58.24
2021-8-20 0:26:13,58.29,58.73,58.24,58.51,59.01,58.30,58.67,58.19,57.68,57.53,57.67,57.11,56.55,57.14,56.54,56.76,57.47,56.79,57.13,57.64
2021-8-20 0:26:14,57.14,57.29,57.06,56.29,56.04,55.80,55.82,55.85,55.75,56.55,56.66,56.18,56.92,56.41,56.40,57.65,58.05,58.60,58.84,58.18
2021-8-20 0:26:15,56.91,56.60,56.67,56.54,56.78,57.49,57.19,57.39,57.84,57.12,57.33,57.30,57.21,56.80,56.54,57.19,57.33,57.36,57.59,57.26
2021-8-20 0:26:16,56.92,57.42,57.18,56.87,56.61,56.07,55.71,55.82,56.23,56.23,56.82,56.85,56.65,56.24,56.32,56.28,56.30,56.89,56.55,56.39
2021-8-20 0:26:17,56.02,56.28,56.88,56.98,57.40,57.10,56.74,56.52,56.70,56.68,56.16,56.51,56.21,56.25,56.49,56.24,56.28,55.90,56.31,56.45,56.22
2021-8-20 0:26:18,56.85,56.47,56.69,56.76,56.53,56.38,56.13,56.23,55.63,55.68,56.18,55.87,56.61,57.38,56.93,56.96,57.17,56.28,55.95,56.49,56.47
2021-8-20 0:26:19,56.24,56.59,56.85,56.93,57.45,57.62,57.51,56.81,56.68,56.25,55.92,55.79,56.16,56.60,56.41,56.93,56.78,56.17,56.29,56.26
2021-8-20 0:26:20,56.01,56.19,56.63,56.19,56.72,56.91,56.48,56.38,55.84,55.93,55.74,56.02,56.90,56.60,56.80,57.34,56.29,56.04,56.45,55.66,55.73
2021-8-20 0:26:21,56.14,55.83,56.18,56.04,56.61,56.44,56.28,56.75,56.24,55.94,56.48,57.03,57.30,57.40,57.33,56.88,56.87,57.69
2021-8-20 0:26:22,57.23,56.92,56.65,56.09,56.11,56.06,56.03,56.01,55.86,56.24,56.21,56.06,56.33,55.72,55.67,56.15,56.49,56.70,56.65,56.37
2021-8-20 0:26:23,56.23,56.04,56.23,56.66,56.32,55.97,55.95,55.25,55.53,56.41,56.38,56.44,56.12,56.15,55.92,55.89,56.12,56.20,56.31,55.84
2021-8-20 0:26:24,56.04,55.30,55.00,55.07,54.50,54.77,55.31,55.61,55.62,55.48,55.63,55.67,55.61,56.25,56.13,56.13,56.77,56.21,55.70,56.01
2021-8-20 0:26:25,55.44,55.57,55.73,55.98,55.92,55.67,56.31,56.07,56.56,57.23,56.89,56.32,55.97,55.44,55.03,55.60,56.09,56.02,56.26,56.63
2021-8-20 0:26:26,55.90,55.96,55.91,55.79,56.14,55.62,55.82,55.64,55.50,56.05,56.10,55.74,55.87,56.43,56.47,56.43,56.78,56.10,55.88,56.08
2021-8-20 0:26:27,56.29,56.17,55.90,55.92,55.47,55.54,55.37,55.78,55.50,55.51,55.64,55.20,55.61,55.84,56.70,56.78,56.52,57.25,56.55,56.22
2021-8-20 0:26:28,56.72,55.87,55.69,55.68,54.98,54.57,54.99,55.04,55.19,55.61,55.68,55.57,55.51,56.09,55.66,55.74,56.16,55.36,55.48,55.67
2021-8-20 0:26:29,55.24,55.39,55.51,55.40,55.27,55.01,55.27,55.29,55.44,55.69,55.39,55.46,55.93,56.36,56.29,56.79,56.85,56.84,57.44,56.90
2021-8-20 0:26:30,56.91,56.80,56.85,56.99,56.72,56.84,56.89,56.94,56.87,56.42,55.95,56.05,55.85,56.83,56.98,56.61,56.58,55.62,55.60,55.80
2021-8-20 0:26:31,57.00,56.96,57.18,57.21,56.51,56.67,56.29,56.71,56.61,56.96,57.32,57.04,56.84,56.54,56.43,56.34,57.00,57.13,57.81,58.18
2021-8-20 0:26:32,57.62,57.52,56.56,56.17,56.49,56.68,56.83,56.86,56.67,56.89,57.11,57.71,57.54,57.64,57.55,57.03,57.34,56.54,57.02,57.49
2021-8-20 0:26:33,57.89,58.37,57.74,57.70,57.99,57.99,57.94,57.30,57.20,57.63,57.72,57.87,57.25,56.84,57.02,56.96,57.13,57.23,57.24,57.87
2021-8-20 0:26:34,58.37,58.12,58.09,58.00,57.72,57.79,57.85,58.05,58.29,58.86,59.48,59.64,59.61,59.88,59.34,59.09,58.65,58.46,58.65,58.80
2021-8-20 0:26:35,59.19,59.09,59.26,59.21,59.54,59.35,59.68,59.75,59.34,59.53,59.22,59.29,59.58,59.82,59.60,59.85,59.62,59.90,60.89,61.14,61.43
2021-8-20 0:26:36,60.75,60.15,59.73,59.37,59.79,59.83,60.67,60.97,60.88,60.67,59.48,59.79,60.44,60.48,61.13,60.29,59.73,60.68,60.40,60.02
2021-8-20 0:26:37,59.78,58.98,59.46,59.88,60.17,60.18,60.00,60.16,60.10,60.00,59.97,60.63,60.62,60.42,60.37,60.51,60.41,60.29,60.05,60.27
2021-8-20 0:26:38,60.91,61.42,61.42,60.92,60.74,60.98,60.83,60.71,60.54,60.24,60.66,60.53,60.59,60.70,61.09,61.24,61.01,60.80,60.64,60.69
2021-8-20 0:26:39,60.88,61.35,60.95,61.52,61.30,61.04,61.13,60.54,61.19,61.11,61.14,60.98,60.40,61.12,60.87,61.43,61.61,61.01,61.79,61.12
2021-8-20 0:26:40,61.20,60.93,60.54,61.43,61.29,61.74,61.25,61.06,61.43,60.73,60.83,60.26,59.89,60.33,60.14,60.35,60.27,60.68,60.61,60.26
2021-8-20 0:26:41,60.57,60.60,61.53,61.60,61.31,60.86,60.29,60.92,61.04,60.81,60.99,60.81,60.76,60.92,60.61,60.50,61.21,61.00,60.89,60.59
2021-8-20 0:26:42,60.03,60.74,61.45,61.21,60.89,60.52,60.59,61.40,61.23,61.17,60.68,60.29,61.12,61.21,61.09,60.87,60.40,60.90,61.28,61.96
2021-8-20 0:26:43,61.69,61.18,61.50,60.98,61.42,61.41,60.94,61.51,61.14,60.81,60.80,60.71,61.10,61.36,61.10,60.53,60.81,60.52,60.57,60.83
2021-8-20 0:26:44,60.89,61.28,61.17,60.85,60.45,60.97,60.83,61.41,61.06,60.75,61.55,61.09,61.30,60.95,60.98,61.14,61.39,61.79,61.77,62.18,61.68
2021-8-20 0:26:45,61.30,61.14,61.35,61.62,62.15,61.81,61.14,61.42,60.85,61.09,61.49,61.45,61.90,61.05,60.65,60.61,60.80,61.97,61.74,61.31
2021-8-20 0:26:46,61.13,60.70,61.10,60.94,60.42,60.66,61.42,61.85,61.91,61.45,60.61,61.20,61.56,61.67,61.35,60.81,60.73,60.99,60.84,60.94
2021-8-20 0:26:47,60.57,60.99,60.98,60.69,61.36,60.79,61.75,61.99,61.77,61.50,61.10,61.00,60.25,60.40,60.60,61.16,61.55,61.57,61.14
2021-8-20 0:26:48,60.54,60.18,59.97,60.01,60.49,61.30,61.26,61.56,60.97,61.43,61.29,60.75,60.96,60.56,60.95,60.78,60.57,60.16,60.84,60.98
2021-8-20 0:26:49,60.99,61.31,60.47,60.94,60.79,60.09,60.62,60.95,64.78,67.52,68.33,68.95,66.01,63.66,62.63,61.53,60.88,61.88,61.87,61.76,61.93
2021-8-20 0:26:50,61.04,60.86,60.81,60.49,60.46,61.22,61.47,61.53,61.57,61.11,61.54,65.50,67.32,67.81,67.67,64.41,63.02,63.38,64.08,64.80
2021-8-20 0:26:51,65.28,65.05,64.79,64.26,64.10,63.80,63.79,63.98,63.41,63.84,63.98,63.84,64.57,64.41,64.44,64.70,64.67,64.76,64.53,64.45
2021-8-20 0:26:52,64.39,64.44,64.73,64.49,64.51,64.31,63.95,64.12,64.03,64.26,64.21,63.62,62.97,62.31,61.60,61.24,60.92,60.89,61.22,61.81,62.18
2021-8-20 0:26:53,61.97,61.45,60.73,60.66,60.86,61.37,61.39,61.13,60.88,61.03,61.42,61.22,61.30,60.81,60.72,61.40,61.20,61.10,60.82,60.66
2021-8-20 0:26:54,60.74,60.58,61.16,60.85,60.82,61.69,61.04,61.45,61.55,61.45,61.84,61.25,60.74,59.96,60.00,61.15,61.64,61.75,61.70,61.08
2021-8-20 0:26:55,61.57,62.14,61.39,61.09,60.37,60.30,60.47,60.41,60.72,60.74,60.88,60.38,60.73,60.95,61.91,63.49,63.16,63.40,63.26,63.31
2021-8-20 0:26:56,63.90,63.75,64.30,63.79,63.67,63.75,63.16,62.84,62.91,62.90,63.00,63.38,63.27,63.37,63.29,63.03,63.13,63.28,63.33,63.82
2021-8-20 0:26:57,63.89,64.08,64.37,64.53,64.58,64.32,64.28,64.35,64.64,64.64,64.67,64.65,64.77,64.85,64.09,63.08,61.88,61.19,60.90,60.75
2021-8-20 0:26:58,61.69,62.06,62.71,63.23,62.69,63.02,63.63,64.17,64.51,64.18,64.22,64.19,64.15,64.26,63.26,62.61,61.88,61.30,61.29,61.09
2021-8-20 0:26:59,60.97,60.95,61.15,61.85,62.26,62.54,62.09,61.38,60.99,60.62,61.02,61.63,62.21,62.46,62.01,61.23,61.04,60.71,61.23,61.95
2021-8-20 0:27:0,62.54,63.09,63.08,62.58,62.95,63.62,64.30,64.87,64.14,64.16,64.11,63.90,63.79,63.10,63.14,62.85,63.14,63.23,62.33,62.35,62.44
2021-8-20 0:27:1,62.44,62.93,63.21,63.26,63.31,62.91,62.54,61.74,61.28,61.16,61.52,61.46,61.31,61.95,62.04,62.66,63.46,63.30,63.15,63.36
2021-8-20 0:27:2,63.13,63.56,63.95,63.91,63.07,62.21,61.40,60.38,60.46,60.19,60.16,60.46,61.06,61.46,61.81,61.97,61.55,61.69,61.61,61.80
2021-8-20 0:27:3,61.75,61.92,61.94,61.54,61.74,61.09,60.70,61.24,61.64,62.20,62.40,61.54,60.69,60.18,60.42,61.27,61.23,61.32,61.14,60.65,61.60
2021-8-20 0:27:4,61.74,61.30,61.25,60.59,60.58,60.82,60.92,60.83,60.60,60.64,61.15,61.82,62.10,62.28,61.77,61.41,61.39,61.93,61.69,61.53
2021-8-20 0:27:5,61.08,60.59,61.09,61.19,61.43,61.04,61.06,61.22,61.42,61.90,61.64,61.58,61.66,61.79,62.05,61.96,61.64,61.05,60.80,60.72
2021-8-20 0:27:6,61.19,61.65,61.64,61.48,61.28,61.64,62.28,62.53,61.99,61.20,60.36,60.96,61.59,61.82,61.86,60.85,60.84,61.33,61.61,61.77
2021-8-20 0:27:7,61.24,60.74,61.07,61.78,62.41,63.30,63.83,64.02,64.59,64.05,63.63,63.39,63.29,63.45,63.62,63.79,63.96,64.24,64.52,65.35,66.27
2021-8-20 0:27:8,67.29,68.00,68.77,68.79,68.72,69.30,69.02,69.77,70.43,71.30,72.07,71.87,72.38,72.60,73.50,74.61,75.49,75.97,75.14,74.51
2021-8-20 0:27:9,73.62,73.06,73.26,73.38,73.51,73.18,72.92,72.71,72.96,73.36,73.20,72.80,72.29,72.27,72.58,72.31,71.94,72.38,73.10,73.34
2021-8-20 0:27:10,73.22,72.31,71.50,71.41,71.14,70.95,70.47,69.99,69.86,69.60,69.09,68.65,67.89,66.82,66.64,66.89,67.47,67.55,67.51,67.34
2021-8-20 0:27:11,66.58,66.14,65.59,64.88,64.98,64.73,64.41,64.23,63.77,63.77,64.16,64.75,65.47,65.88,65.60,65.01,64.08,63.20,62.74,62.08
2021-8-20 0:27:12,61.61,62.25,62.04,62.19,62.88,62.55,62.96,63.32,63.78,63.83,63.84,64.07,63.92,64.36,64.62,64.57,64.40,64.13,64.10,64.15
2021-8-20 0:27:13,64.50,64.39,64.35,64.69,64.74,65.23,65.61,65.55,65.62,65.71,65.80,66.30,66.74,66.96,66.88,66.99,66.36,66.60,66.94,67.01
2021-8-20 0:27:14,67.51,68.02,68.31,67.95,68.34,67.84,67.74,67.76,67.80,67.39,67.21,67.92,68.13,68.72,69.26,69.43,69.54,70.01,69.96,70.24
2021-8-20 0:27:15,70.53,70.51,70.81,71.26,70.94,71.43,71.74,71.59,72.68,72.84,73.23,73.66,73.37,73.40,73.03,73.21,73.66,73.95,74.02,74.00
2021-8-20 0:27:16,73.22,72.91,73.87,74.14,74.84,75.36,75.68,75.48,76.17,76.43,76.56,76.88,76.90,77.29,77.57,78.18,78.53,79.42,79.27,79.48,79.60
2021-8-20 0:27:17,79.40,80.35,81.20,81.78,82.43,82.43,82.05,81.97,81.15,80.92,80.33,80.15,79.62,78.67,78.49,78.19,78.57,79.33,79.78,79.59
2021-8-20 0:27:18,79.19,78.74,77.77,77.19,78.24,78.04,78.18,77.90,76.31,75.67,75.54,75.96,76.22,76.30,76.30,75.89,75.18,75.06,75.10,75.22
2021-8-20 0:27:19,75.73,75.29,74.53,74.23,73.73,74.07,74.07,73.63,73.77,73.50,73.47,73.34,72.74,72.34,72.52,72.36,72.22,72.52,71.99,72.26,72.35
2021-8-20 0:27:20,72.28,72.31,72.51,72.09,71.59,71.91,71.32,71.55,71.76,71.14,71.02,70.98,71.34,72.18,72.33,72.31,72.20,71.81,72.41,72.84
2021-8-20 0:27:21,72.26,72.24,72.18,72.29,72.23,71.99,71.16,70.76,70.53,70.30,70.84,70.28,71.05,70.73,70.28,70.49,69.67,69.94,69.97,69.29
2021-8-20 0:27:22,69.80,69.47,69.49,70.05,70.18,70.72,70.67,70.73,70.24,69.67,69.42,68.69,68.56,68.69,68.41,68.85,69.29,69.36,69.62,69.70,69.19
2021-8-20 0:27:23,69.13,69.12,68.90,69.36,68.90,69.19,69.55,69.47,70.00,69.67,69.08,69.12,69.02,69.31,69.76,69.52,69.52,69.12,68.41,67.60
2021-8-20 0:27:24,67.53,67.01,67.24,67.28,66.96,67.57,67.81,68.34,68.25,68.07,68.05,67.84,68.26,67.78,67.70,67.66,67.46,67.52,67.65,67.43
2021-8-20 0:27:25,67.35,67.74,67.71,68.08,67.99,68.03,68.17,68.30,68.49,68.26,68.70,68.63,69.01,69.26,68.58,68.62,67.70,67.74,67.65,67.55
2021-8-20 0:27:26,68.05,68.06,67.81,68.08,68.17,67.89,68.23,67.83,67.49,67.38,66.86,67.00,67.15,67.53,68.35,67.87,68.17,68.28,68.41,68.93
2021-8-20 0:27:27,68.51,68.69,68.76,68.81,68.92,68.83,69.05,68.87,69.27,69.72,69.18,69.65,69.97,69.58,70.35,70.55,71.22,71.51,71.80,71.80
2021-8-20 0:27:28,71.48,71.96,71.73,71.81,71.68,71.65,72.12,72.64,72.90,73.00,72.87,72.62,72.64,72.49,72.23,71.72,71.89,71.82,71.65,72.24
2021-8-20 0:27:29,72.00,72.26,72.62,72.52,72.38,72.71,72.40,71.89,72.14,71.39,71.58,72.12,72.06,72.08,72.94,73.69,73.86,74.90,74.50,74.46
2021-8-20 0:27:30,74.78,74.49,74.76,74.83,75.33,75.50,75.72,75.88,75.88,76.16,76.03,75.77,75.47,75.19,74.99,75.08,75.24,75.16,74.95,74.63
2021-8-20 0:27:31,74.07,73.57,72.83,72.31,71.41,70.89,70.43,69.52,68.89,67.89,67.66,67.42,67.10,66.75,65.88,65.54,65.50,65.83,66.09,65.83,65.30
2021-8-20 0:27:32,64.58,64.05,64.29,63.84,64.04,63.95,63.76,64.18,64.03,63.66,63.45,63.44,63.01,62.75,62.32,61.78,61.65,61.88,61.54,61.02
2021-8-20 0:27:33,60.52,60.23,59.66,59.67,59.39,59.48,59.57,59.53,60.49,60.46,60.69,61.20,61.02,60.22,59.81,59.32,58.58,59.08,59.79,59.84
2021-8-20 0:27:34,60.28,59.61,59.00,58.81,58.41,59.06,59.19,59.27,59.28,59.05,58.73,58.77,58.60,58.67,58.86,58.90,58.71,58.63,58.88,58.61
2021-8-20 0:27:35,58.13,58.21,57.92,58.00,58.38,58.21,58.34,58.01,58.31,58.07,57.34,57.72,57.25,57.69,58.46,58.01,58.87,59.09,59.13,59.50
2021-8-20 0:27:36,59.35,59.55,59.89,60.11,60.00,59.70,59.27,59.46,59.79,60.01,59.83,59.43,59.38,58.57,58.44,58.28,57.59,58.24,57.96,57.84,58.21
2021-8-20 0:27:37,58.07,58.42,58.50,58.24,57.89,57.79,57.52,57.50,57.86,57.75,57.90,57.95,57.91,58.10,57.74,57.16,56.23,55.79
2021-8-20 0:27:38,55.87,56.17,56.72,56.58,56.55,55.93,56.02,56.34,56.38,56.59,55.98,55.62,55.54,55.84,55.67,56.16,56.66,56.77,57.00,56.49
2021-8-20 0:27:39,56.12,56.04,56.11,56.19,56.48,56.45,56.46,57.12,56.92,57.33,57.72,57.27,57.26,57.06,57.37,57.63,57.86,58.16,58.28,58.48
2021-8-20 0:27:40,58.74,58.88,58.85,59.08,59.15,59.58,59.41,60.06,60.46,60.09,60.84,60.89,61.17,61.82,61.88,61.68,61.41,61.52,61.64,61.48
2021-8-20 0:27:41,62.50,62.68,62.86,63.88,62.75,62.46,61.69,60.50,60.15,59.38,60.16,59.78,59.73,60.01,59.04,58.89,59.24,59.81,59.99,60.83
2021-8-20 0:27:42,61.29,61.06,60.95,61.06,60.41,60.64,61.02,60.22,60.87,60.38,60.55,60.82,60.31,59.90,59.33,58.87,59.01,59.37,59.82,60.40
2021-8-20 0:27:43,60.70,61.23,61.60,62.05,61.62,61.38,61.13,61.14,61.69,62.04,63.18,63.63,64.08,64.89,64.94,65.33,65.69,65.67,65.19,64.83
2021-8-20 0:27:44,64.78,64.64,65.73,66.19,66.29,67.21,67.03,67.63,68.28,68.05,68.14,68.85,69.31,69.35,69.72,69.19,69.06,69.31,69.78,69.43
2021-8-20 0:27:45,70.05,70.44,69.56,70.06,69.87,69.72,70.12,70.40,70.14,70.06,70.10,69.63,68.80,67.79,67.35,67.53,67.68,68.09,68.19,68.01
2021-8-20 0:27:46,68.80,68.92,68.85,68.46,67.44,67.11,66.65,66.61,67.35,67.68,68.14,68.27,67.45,67.93,67.92,68.37,68.95,68.58,68.81,68.56,68.58
2021-8-20 0:27:47,68.54,68.42,68.44,68.48,68.76,68.63,68.49,68.87,69.18,69.77,70.22,70.04,70.10,69.91,69.48,68.61,67.61,67.40,67.18,67.89
2021-8-20 0:27:48,68.84,68.36,68.04,67.40,66.96,67.20,67.82,68.45,68.84,69.50,70.45,70.60,70.49,70.30,69.86,69.81,70.14,70.62,70.32,70.36
2021-8-20 0:27:49,69.92,68.96,68.38,68.10,68.12,67.91,68.13,67.41,67.02,66.89,66.80,67.00,66.64,67.47,67.61,67.78,67.54,66.45,66.02,65.80
2021-8-20 0:27:50,66.25,66.71,66.70,66.29,65.97,65.97,65.50,66.01,65.85,65.45,65.55,65.63,65.94,65.73,66.05,66.13,66.16,66.26,66.45,65.94
2021-8-20 0:27:52,65.78,65.92,65.23,65.01,64.88,65.08,64.89,64.98,64.64,64.30,64.15,64.33,64.24,63.93,64.12,63.99,63.88,64.10,64.44,64.25
2021-8-20 0:27:53,63.96,63.88,62.81,62.86,63.11,62.88,64.45,64.21,64.13,63.96,62.94,63.08,63.58,64.28,64.74,64.37,64.49,64.45,64.02,64.67
2021-8-20 0:27:54,65.02,64.56,65.12,65.17,64.93,64.93,64.88,65.06,64.87,64.77,64.22,63.60,63.80,63.82,64.30,65.09,64.65,65.00,64.77,63.66
2021-8-20 0:27:55,63.60,63.62,63.39,64.11,64.09,64.12,64.75,65.02,64.90,64.73,64.52,64.12,64.17,64.31,64.18,64.23,64.42,64.19,64.37,64.42
2021-8-20 0:27:56,64.61,64.87,64.79,64.31,63.92,63.65,63.73,64.09,63.76,63.76,63.16,62.75,62.66,62.35,63.10,62.80,63.42,63.66,62.82,63.53
2021-8-20 0:27:57,63.66,63.75,63.94,63.65,62.94,62.17,61.92,61.91,61.92,62.22,62.06,61.30,61.32,61.24,61.20,60.95,60.76,60.32,60.63,61.21
2021-8-20 0:27:58,61.65,61.80,61.52,61.45,60.88,61.13,60.84,60.93,61.33,60.66,60.62,60.46,59.91,60.36,60.84,60.71,60.62,60.42,59.75,60.39
2021-8-20 0:27:59,61.12,61.33,61.88,61.13,60.74,60.69,60.58,60.85,61.17,61.09,61.02,60.63,60.10,60.59,60.36,60.48,61.29,61.39,61.82,61.97,61.13
2021-8-20 0:28:0,60.80,60.89,60.64,60.60,60.12,59.01,58.75,59.14,59.37,60.45,60.42,60.12,59.92,59.19,59.52,59.15,59.45,59.89,59.49,59.62
2021-8-20 0:28:1,59.43,58.95,58.88,58.68,58.55,58.68,59.03,58.91,58.23,57.94,57.64,57.56,58.18,57.92,57.93,58.57,58.42,58.94,59.25,58.53
2021-8-20 0:28:2,58.26,58.20,57.85,58.37,58.41,58.06,58.12,57.85,57.60,57.79,57.84,57.48,57.94,58.18,57.77,57.70,56.95,56.10,56.03,56.30
2021-8-20 0:28:3,56.13,56.60,56.41,56.18,56.47,56.15,56.58,56.02,56.12,55.86,55.90,56.30,56.05,56.09,55.56,55.70,56.09,56.57,56.41,56.76
2021-8-20 0:28:4,56.28,56.05,56.49,56.39,56.85,57.37,56.88,56.41,56.08,55.95,56.22,56.50,56.70,56.81,57.19,57.08,57.02,56.43,55.92,55.87
2021-8-20 0:28:5,55.99,56.45,56.93,56.45,56.34,55.83,55.56,56.14,55.58,55.41,55.71,55.90,56.88,57.90,57.35,56.83,56.33,55.85,55.39,55.55
2021-8-20 0:28:6,55.76,55.57,56.50,56.45,56.37,56.28,56.02,55.83,55.80,55.57,54.92,55.19,54.74,54.67,55.39,55.91,57.04,57.52,57.61,56.81
2021-8-20 0:28:7,56.24,56.40,56.47,57.25,57.02,57.21,57.34,57.07,57.12,57.18,56.85,56.68,57.38,57.39,57.41,57.67,56.71,56.82,57.24,57.14
2021-8-20 0:28:8,57.84,57.98,57.77,57.50,56.85,56.15,55.92,56.27,56.69,57.16,57.26,57.39,57.66,56.90,57.31,57.32,57.32,57.75,57.67,56.67
2021-8-20 0:28:9,56.44,55.98,55.69,56.01,56.17,56.40,57.02,58.81,58.48,58.83,57.97,56.24,56.47,56.09,56.03,56.46,56.09,56.39,56.77,56.32,55.91
2021-8-20 0:28:10,56.03,56.63,56.91,57.34,56.49,55.23,55.32,55.26,55.42,55.74,55.08,55.04,55.42,55.08,55.15,54.93,55.11,56.09,56.35,56.89
2021-8-20 0:28:11,56.35,55.94,55.79,55.25,55.29,55.16,55.02,55.25,55.30,55.00,55.55,55.12,55.40,55.24,55.68,56.26,55.84,56.35,56.11,56.11,56.79
2021-8-20 0:28:12,56.63,56.50,56.97,56.86,56.81,57.05,56.71,56.75,56.40,56.31,56.23,56.12,56.77,57.29,58.00,58.52,58.74,58.29,58.66,58.56
2021-8-20 0:28:13,59.05,59.67,59.03,58.99,59.45,59.21,59.69,60.01,60.09,60.51,60.78,61.27,61.75,62.06,62.47,62.85,62.64,63.04,63.59,64.36
2021-8-20 0:28:14,64.32,64.71,64.72,64.57,65.31,65.23,65.68,65.36,65.17,65.32,64.96,65.27,65.45,64.97,64.89,64.06,63.65,63.48,63.13,63.14
2021-8-20 0:28:15,63.00,62.90,62.61,61.92,61.52,61.22,61.07,61.92,62.12,62.20,62.63,62.79,62.92,63.77,64.14,63.63,63.40,62.80,62.29,62.25
2021-8-20 0:28:16,62.56,62.50,62.10,62.19,61.19,61.43,61.15,60.79,61.40,60.97,61.63,61.85,62.18,62.02,61.80,61.82,61.31,61.21,60.62,60.61,60.91
2021-8-20 0:28:17,61.42,61.46,61.59,61.06,60.68,60.93,60.78,60.72,61.08,61.16,61.39,62.01,61.64,61.93,61.73,61.21,61.47,61.10,60.90,61.26
2021-8-20 0:28:18,61.10,61.25,61.48,61.54,61.58,61.08,60.77,59.83,59.67,60.47,60.14,60.69,60.62,60.21,60.30,60.66,60.92,60.71,61.43,61.54
2021-8-20 0:28:19,61.71,62.03,61.66,62.22,62.20,62.40,63.00,62.45,62.60,63.05,62.96,62.92,62.80,62.34,62.97,63.87,64.13,64.70,65.00,64.53,65.05
2021-8-20 0:28:20,64.63,64.48,65.55,64.95,65.16,64.26,62.94,63.16,63.07,63.14,63.53,63.26,63.66,63.90,63.56,63.68,63.95,63.73,64.11,64.33
2021-8-20 0:28:21,63.89,64.61,64.25,64.75,64.58,64.32,65.24,65.01,65.31,65.21,65.38,65.17,64.99,65.34,64.83,64.85,65.81,65.88,65.93,66.93
2021-8-20 0:28:22,66.31,66.65,67.52,67.21,67.73,68.05,67.71,67.97,68.53,68.38,68.29,68.69,68.51,69.40,69.60,70.14,70.70,70.59,71.40,70.65,70.54
2021-8-20 0:28:23,69.74,69.15,68.65,67.94,68.52,68.48,68.81,69.13,69.25,68.99,69.19,69.54,69.20,69.93,69.64,69.69,70.35,69.96,70.36,70.49
2021-8-20 0:28:24,69.51,69.11,69.07,68.84,69.38,69.54,69.60,69.39,69.60,70.28,70.59,70.84,71.10,70.63,71.30,70.83,70.70,71.58,70.95,70.98
2021-8-20 0:28:25,70.36,69.76,69.55,70.84,72.03,72.75,73.49,72.48,71.50,71.30,70.77,71.12,71.38,71.27,71.48,71.50,71.53,72.08,71.79,71.04,70.67
2021-8-20 0:28:26,69.32,68.82,68.93,68.63,68.66,68.46,68.66,68.52,67.86,67.38,66.73,66.47,66.42,66.11,65.72,65.52,65.30,65.67,65.48,65.01
2021-8-20 0:28:27,65.11,64.60,64.45,64.23,63.95,63.80,63.76,63.59,63.36,62.80,62.68,63.01,63.32,63.35,63.11,63.57,63.97,64.89,65.15,64.80
2021-8-20 0:28:28,64.72,64.45,64.63,64.64,64.56,65.14,65.34,66.06,66.27,65.94,66.28,66.46,65.99,66.23,66.15,65.70,66.03,65.88,65.75,65.80
2021-8-20 0:28:29,65.90,65.31,65.15,65.03,64.55,64.79,64.28,63.61,63.26,63.20,63.18,63.02,63.38,62.95,63.22,63.14,62.22
2021-8-20 0:28:30,62.67,62.19,62.27,62.49,62.11,62.18,62.54,63.16,63.24,63.56,63.51,63.26,63.47,63.67,63.68,63.74,63.54,62.80,62.71,62.71
2021-8-20 0:28:31,63.31,63.93,64.31,64.90,65.22,65.66,65.71,65.76,65.96,65.90,66.46,66.51,65.96,66.25,66.58,66.64,67.01,67.58,67.37,67.89
2021-8-20 0:28:32,68.32,68.24,68.14,67.99,68.46,69.13,70.07,70.32,70.76,70.67,71.00,71.87,72.07,72.82,73.53,74.02,74.32,74.56,74.32,74.35
2021-8-20 0:28:33,74.52,74.53,74.54,75.06,75.46,75.62,76.15,75.68,75.46,74.99,74.53,75.12,75.07,75.59,75.07,74.49,74.45,73.92,74.39,74.37,74.19
2021-8-20 0:28:34,74.15,73.90,73.69,73.45,73.16,73.11,73.02,72.54,72.67,72.62,71.70,71.68,71.14,70.33,69.89,69.80,69.27,68.72,68.06,67.33
2021-8-20 0:28:35,66.92,67.24,67.65,67.71,67.72,66.88,67.04,66.76,66.83,67.39,67.00,66.68,66.38,65.92,65.89,65.56,65.27,65.22,65.06,65.01,64.79
2021-8-20 0:28:36,64.65,64.40,64.21,64.32,65.04,65.21,65.18,65.20,64.62,64.74,65.51,66.10,66.74,67.17,66.98,66.50,65.95,64.74,63.94,64.25
2021-8-20 0:28:37,63.63,64.51,65.11,64.66,64.74,64.66,64.88,64.62,65.04,64.94,64.56,65.52,65.23,65.51,65.96,65.72,66.17,65.77,65.51,65.59
2021-8-20 0:28:38,65.71,66.02,65.68,64.96,63.99,63.52,63.39,63.69,64.33,64.40,64.86,65.13,65.11,64.72,64.83,64.97,65.22,66.22,66.41,66.37,66.36
2021-8-20 0:28:39,65.65,65.94,66.02,65.94,66.07,65.58,66.23,67.08,67.55,68.52,68.21,67.60,67.05,67.04,67.49,68.38,69.13,68.93,68.32,67.94
2021-8-20 0:28:40,68.82,69.87,69.41,69.31,68.89,68.76,70.22,69.79,69.11,68.10,68.26,69.26,70.41,71.23,70.96,70.60,71.04,70.09,69.01,69.64
2021-8-20 0:28:41,69.25,69.07,69.51,68.09,66.76,67.01,67.15,66.86,67.20,68.11,67.93,69.44,69.78,68.84,69.15,68.17,68.40,68.96,68.51,68.21
2021-8-20 0:28:42,67.64,67.75,68.36,69.39,69.84,70.30,70.52,70.56,69.95,68.27,67.37,67.00,67.22,67.30,67.98,67.18,67.20,67.81,67.59,68.29
2021-8-20 0:28:43,69.27,69.67,70.31,70.55,70.64,70.82,70.15,70.01,69.17,68.41,67.60,67.63,67.54,67.48,68.61,68.69,68.93,69.04,68.58,68.08
2021-8-20 0:28:44,67.88,67.88,68.41,68.77,68.74,68.75,68.07,67.37,66.67,66.25,66.44,66.70,66.86,67.28,66.56,67.15,67.28,67.32,67.96,67.62
2021-8-20 0:28:45,67.19,67.11,65.98,65.48,65.96,66.33,67.98,67.53,67.52,66.40,65.10,65.28,64.83,64.61,65.45,65.43,65.88,66.06,65.68,65.94,66.35
2021-8-20 0:28:46,66.73,66.81,67.32,67.11,67.28,66.51,66.07,66.39,65.90,66.25,66.56,65.76,65.60,65.27,64.99,64.76,64.59,64.67,64.29,64.62
2021-8-20 0:28:47,64.68,64.79,64.50,63.64,63.61,63.65,63.87,63.80,63.43,63.54,62.99,63.48,64.46,63.57,64.11,63.91,63.65,64.79,64.49,63.93
2021-8-20 0:28:48,62.53,61.38,61.54,62.50,63.55,63.89,63.44,62.69,62.22,62.25,62.61,62.14,62.27,62.45,61.94,62.42,62.57,62.63,63.23,63.14
2021-8-20 0:28:49,63.35,62.62,62.13,62.00,61.33,60.83,61.36,61.67,61.77,62.25,62.40,63.16,63.14,63.05,62.15,61.50,61.86,61.48,61.68,61.07
2021-8-20 0:28:50,60.98,61.14,61.08,61.25,61.25,61.69,61.76,62.13,61.63,61.05,61.11,60.75,60.98,62.06,62.79,63.22,63.13,63.12,62.21,61.68
2021-8-20 0:28:51,61.76,60.44,60.23,60.89,61.41,62.31,62.27,60.96,61.22,61.02,61.43,62.40,62.03,62.50,62.34,61.62,61.22,60.75,61.32,61.80
2021-8-20 0:28:52,62.45,62.07,61.76,62.31,62.06,62.71,62.76,62.44,62.15,62.02,61.47,61.11,60.86,61.32,61.79,62.20,62.64,62.34,62.12,62.07
2021-8-20 0:28:53,61.79,61.26,60.91,61.23,61.78,62.08,62.52,62.01,61.54,61.10,60.88,61.13,61.61,62.40,63.15,62.84,62.27,61.82,61.30,60.97
2021-8-20 0:28:54,61.08,61.55,61.94,61.96,61.47,60.68,60.45,61.59,61.84,62.84,62.29,62.63,62.52,62.10,62.33,61.55,61.69
2021-8-20 0:28:55,61.89,62.00,61.93,62.59,62.71,63.10,62.91,63.21,62.64,62.69,63.16,62.39,62.57,62.53,62.05,61.68,61.86,61.83,61.63,61.21
2021-8-20 0:28:56,60.96,60.59,60.80,61.31,61.52,61.55,61.58,62.53,62.18,61.86,61.95,61.66,61.74,61.49,61.60,60.98,61.59,62.55,62.30,63.17
2021-8-20 0:28:57,63.62,63.10,63.03,62.59,61.64,61.93,62.18,61.62,61.64,61.66,61.89,62.15,62.17,62.24,61.89,62.58,61.99,61.98,61.90,61.87
2021-8-20 0:28:58,62.65,62.35,63.25,62.83,62.31,62.88,62.27,62.47,62.68,62.09,62.29,62.64,62.45,62.84,62.59,61.54,61.05,60.81,61.02,61.61
2021-8-20 0:28:59,62.11,62.06,61.80,62.79,62.93,63.22,62.91,61.91,62.68,62.74,63.11,63.03,62.75,62.92,63.35,63.65,62.98,63.47,63.08,62.50
2021-8-20 0:29:0,62.90,62.19,62.42,62.90,63.15,62.43,62.75,62.90,62.13,62.20,61.48,61.41,61.94,62.17,62.13,62.23,62.79,63.09,63.55,63.85
2021-8-20 0:29:1,63.39,63.45,63.22,63.36,63.02,62.97,63.64,63.29,63.36,63.37,63.11,62.48,62.40,62.80,62.77,63.81,63.83,63.03,62.59,62.00
2021-8-20 0:29:2,62.18,62.80,62.40,62.80,63.06,62.63,63.02,62.19,62.07,63.05,63.70,64.38,64.52,63.62,63.84,63.92,63.55,63.54,62.29,61.78
2021-8-20 0:29:3,61.84,61.79,62.87,62.89,62.89,62.81,62.22,62.90,63.78,64.48,64.51,63.89,63.02,62.92,62.81,62.52,62.37,62.68,63.14,63.23
2021-8-20 0:29:4,63.02,62.13,61.97,62.92,63.62,64.25,64.66,64.24,64.29,63.85,63.34,63.72,63.52,63.51,62.72,62.40,62.88,63.04,63.43,62.91,62.19
2021-8-20 0:29:5,62.80,63.15,63.35,63.54,63.15,63.72,63.51,63.45,63.70,63.44,64.40,64.29,63.96,63.81,63.19,63.54,64.10,64.49,64.76,64.46
2021-8-20 0:29:6,63.99,63.24,62.50,62.81,62.92,62.99,63.39,63.31,63.24,63.34,63.70,63.79,63.86,63.61,62.80,63.02,63.09,63.53,64.24,63.70
2021-8-20 0:29:7,63.33,62.66,62.07,62.76,63.39,63.71,63.96,63.39,63.00,63.13,63.46,63.48,63.43,63.11,62.82,62.29,62.46,63.17,63.69,64.67
2021-8-20 0:29:8,64.36,63.53,62.50,61.87,61.72,62.54,62.68,62.68,62.76,62.81,63.43,64.18,64.27,63.81,63.70,62.77,62.75,62.31,62.65,63.14,62.96
2021-8-20 0:29:9,63.26,62.70,63.45,62.98,63.32,63.39,62.55,62.94,62.79,62.34,63.21,63.01,62.65,62.80,61.96,62.51,62.60,63.05,63.07,63.03
2021-8-20 0:29:10,63.12,63.30,63.38,63.57,63.81,63.24,63.18,62.82,63.18,63.88,64.48,65.07,64.44,63.61,63.30,62.99,63.29,63.74,62.77,62.96
2021-8-20 0:29:11,62.60,62.66,63.42,63.17,63.28,63.69,63.20,63.43,63.01,62.56,62.89,62.08,63.11,63.09,63.21,63.84,63.37,63.28,63.52,63.17
2021-8-20 0:29:12,63.16,63.12,62.66,63.16,63.15,63.98,64.21,63.86,63.95,62.96,62.76,63.08,62.73,63.17,63.00,62.48,63.01,62.84,63.39,63.74
2021-8-20 0:29:13,63.25,62.94,63.27,62.65,63.20,63.13,62.52,63.10,62.68,63.27,63.31,63.42,63.69,63.41,63.20,63.42,62.89,62.76,62.98,62.11
2021-8-20 0:29:14,63.10,63.83,64.00,64.33,63.92,63.50,63.56,63.98,63.89,63.98,64.49,63.93,63.21,63.13,62.20,62.01,62.49,62.03,61.89,62.77
2021-8-20 0:29:15,62.85,63.31,63.19,62.90,63.48,63.16,63.48,63.06,62.55,62.54,62.63,62.34,62.94,63.61,63.62,64.20,63.95,63.87,63.98,63.73,63.06
2021-8-20 0:29:16,62.29,62.82,63.07,63.62,64.17,63.84,63.66,63.72,63.40,63.15,63.50,63.19,63.70,64.11,64.06,64.26,63.90,63.97,63.54,63.12
2021-8-20 0:29:17,63.38,62.89,63.16,63.30,63.09,63.29,64.14,64.32,64.83,64.46,64.10,64.63,63.75,64.32,64.04,63.59,64.15,63.97,64.48,64.88
2021-8-20 0:29:18,64.52,64.91,64.20,63.87,64.38,63.66,64.37,64.67,64.99,65.30,64.77,64.61,64.41,64.22,64.64,64.79,64.71,65.23,65.35,65.00,65.25
2021-8-20 0:29:19,65.28,65.04,65.43,64.50,64.80,64.14,63.74,64.35,63.65,64.16,64.29,64.77,64.38,63.75,63.47,63.04,63.22,64.32,64.67,65.53
2021-8-20 0:29:20,65.72,65.62,66.13,65.20,65.65,64.93,65.02,65.34,65.16,65.32,64.54,64.45,64.23,64.42,64.36,64.18,64.63,64.52
2021-8-20 0:29:21,65.05,64.70,64.74,64.92,64.84,65.29,64.82,65.52,65.58,65.77,66.45,65.39,65.59,65.41,64.36,64.79,64.11,63.88,64.70,64.94
2021-8-20 0:29:22,65.54,65.60,65.43,65.10,64.59,65.19,65.24,65.85,66.35,66.33,65.54,64.95,64.18,63.60,63.92,63.52,63.90,63.78,63.99,64.07
2021-8-20 0:29:23,64.27,64.73,64.63,65.07,65.10,64.97,64.76,65.00,65.22,65.29,65.40,64.79,63.88,63.94,64.41,65.10,65.82,66.36,66.11,69.25,69.03
2021-8-20 0:29:24,68.00,67.97,64.23,64.21,64.48,64.27,64.58,65.33,65.41,65.68,65.88,64.92,64.96,64.87,64.74,65.01,65.17,65.05,64.90,65.21
2021-8-20 0:29:25,65.75,66.59,66.88,67.34,66.54,66.50,66.79,66.37,66.78,66.46,65.80,65.85,66.03,65.79,66.13,66.65,66.68,67.07,67.76,67.01
2021-8-20 0:29:26,66.72,67.19,67.30,68.19,68.62,68.42,68.30,68.17,68.07,68.15,67.83,68.45,68.88,68.70,69.36,68.99,68.51,68.99,68.20,68.10
2021-8-20 0:29:27,68.09,67.67,68.79,68.85,69.25,70.25,69.41,69.31,69.10,68.64,69.07,70.76,71.52,71.70,71.31,69.86,69.76,69.31,69.70,69.41
2021-8-20 0:29:28,68.97,68.88,68.83,68.29,68.60,68.76,68.79,70.06,69.93,70.09,69.99,69.45,68.68,68.55,68.89,69.57,70.09,70.39,70.27,69.10
2021-8-20 0:29:29,68.69,68.40,68.02,68.02,68.12,68.01,68.55,68.40,69.30,69.79,68.91,69.30,68.56,68.33,68.45,68.21,68.54,68.39,69.37,70.09
2021-8-20 0:29:30,70.35,70.27,69.16,69.22,69.20,69.16,70.02,70.25,69.73,70.01,70.07,69.23,68.94,68.58,68.56,68.63,69.14,69.41,68.96,69.19
2021-8-20 0:29:31,69.28,69.22,68.80,68.78,68.38,68.61,68.92,68.93,69.66,69.77,69.97,70.63,70.27,69.88,70.13,69.31,68.45,68.31,68.09,68.26
2021-8-20 0:29:32,68.95,69.13,69.52,70.05,70.86,70.95,70.11,69.22,68.14,68.06,68.05,68.07,68.79,68.82,69.32,70.31,70.27,70.73,70.38,69.62,69.55
2021-8-20 0:29:33,68.98,69.60,70.62,70.54,71.82,72.39,72.42,72.86,72.75,72.85,72.32,73.46,73.91,73.88,74.82,73.72,72.28,71.82,71.07,71.15
2021-8-20 0:29:34,72.16,72.81,72.80,73.23,73.16,73.08,73.98,74.00,74.02,74.24,73.77,73.40,73.19,72.27,71.83,71.82,71.92,72.48,73.47,73.67
2021-8-20 0:29:35,74.27,73.98,73.67,73.42,72.96,72.59,71.88,71.20,70.86,70.86,69.87,69.98,69.75,69.35,69.90,69.90,69.93,69.92,70.03,70.22
2021-8-20 0:29:36,70.11,70.28,69.92,69.61,69.05,68.98,69.02,68.97,69.07,69.64,69.88,69.98,70.16,69.43,69.05,68.33,68.56,68.75,69.34,70.42
2021-8-20 0:29:37,71.12,73.08,74.51,76.11,77.58,78.31,79.20,80.56,81.36,81.62,81.61,81.19,81.39,81.68,81.53,82.32,81.98,81.41,82.26,81.72,81.59
2021-8-20 0:29:39,82.40,82.25,81.74,81.70,81.27,80.44,80.86,80.67,80.14,80.05,79.27,78.96,78.74,78.78,78.69,78.32,77.90,77.50,77.47,77.23
2021-8-20 0:29:40,77.79,77.61,76.79,76.56,75.97,76.19,76.49,77.06,76.93,76.75,76.91,76.53,76.41,76.39,75.82,75.34,75.04,74.65,74.56,74.44
2021-8-20 0:29:41,74.25,73.70,73.58,73.13,72.77,72.46,71.18,71.20,71.43,71.11,72.43,71.99,71.70,72.06,71.47,71.61,71.16,71.06,70.64,70.91
2021-8-20 0:29:42,71.33,71.06,71.61,71.32,71.05,71.20,70.91,71.31,72.17,73.20,74.57,74.87,74.41,74.73,74.04,73.70,74.07,73.42,72.79,72.81
2021-8-20 0:29:43,72.43,71.82,72.63,72.66,72.96,73.48,73.41,73.80,73.53,73.98,74.25,74.20,74.75,74.97,74.99,75.12,75.41,74.87,74.25,73.96
2021-8-20 0:29:44,73.05,72.60,72.58,72.96,72.93,72.74,72.40,71.71,71.64,71.34,71.05,70.85,70.37,70.83,71.23,71.20,71.20,70.42,70.31,70.50
2021-8-20 0:29:45,70.96,71.48,71.60,71.44,71.82,72.36,72.77,73.30,73.21,73.22,73.26,73.07,72.58,72.70,72.58,72.96,73.75,74.00,74.15,74.45,74.19
2021-8-20 0:29:46,74.25,74.58,74.56,74.65,74.58,74.33,73.74,73.50,73.41,73.42,72.96,73.08,72.79,72.31,73.01,72.78,72.87,73.16,72.61
2021-8-20 0:29:47,72.94,73.24,72.97,72.90,72.51,72.15,72.40,73.34,73.92,74.03,74.46,73.72,73.54,73.14,72.68,72.62,71.97,71.90,71.42,71.66
2021-8-20 0:29:48,72.06,72.29,72.56,72.53,72.81,72.99,72.89,72.88,73.13,73.14,73.52,73.86,73.79,73.71,73.56,72.83,72.55,72.70,72.74,73.30
2021-8-20 0:29:49,72.79,72.13,71.60,71.55,71.70,71.41,71.35,70.41,69.89,69.50,69.49,69.26,69.20,69.24,68.34,68.12,67.18,66.23,66.33,65.97
2021-8-20 0:29:50,65.73,66.02,65.94,66.22,66.85,66.64,66.49,66.23,65.82,66.06,66.10,66.79,66.94,66.77,66.43,65.45,65.17,65.38,65.18,65.55
2021-8-20 0:29:51,65.48,65.48,65.68,65.60,65.45,65.30,65.41,65.35,65.77,65.64,65.69,65.93,66.26,67.26,67.55,67.71,67.40,66.16,65.69,64.84
2021-8-20 0:29:52,64.81,64.96,65.23,65.97,65.82,65.93,65.98,65.72,65.84,66.42,65.97,65.82,65.74,65.10,64.74,64.20,64.14,64.42,65.47,66.52
2021-8-20 0:29:53,66.86,66.62,66.77,66.63,66.66,67.03,66.72,66.56,66.14,66.17,66.04,65.94,66.18,66.16,66.08,66.39,66.22,66.14,66.37,65.88
2021-8-20 0:29:54,66.31,66.27,66.15,66.87,66.47,66.79,66.72,66.16,66.45,66.22,66.56,67.32,66.74,66.83,66.36,66.04,66.68,66.60,66.73,66.79
2021-8-20 0:29:55,66.63,66.72,66.75,66.46,66.49,66.62,66.95,66.78,66.47,66.05,65.76,65.69,66.37,66.62,66.46,66.22,66.14,65.62,65.91,65.41
2021-8-20 0:29:56,64.97,65.25,64.87,65.27,65.12,64.56,64.78,64.94,64.50,65.01,64.68,64.32,64.77,64.71,65.12,66.07,66.13,66.28,66.22,65.15
2021-8-20 0:29:57,65.44,65.16,64.58,65.52,65.52,65.54,65.64,65.32,64.18,64.71,65.18,65.45,66.64,66.41,66.43,66.27,66.22,65.99,65.71,65.88
2021-8-20 0:29:58,65.26,65.16,65.40,64.78,65.63,66.59,66.78,67.99,68.24,67.88,68.46,68.14,67.86,67.98,68.46,68.52,68.51,68.52,67.26,66.91
2021-8-20 0:29:59,67.28,67.03,67.39,67.60,66.89,67.40,67.90,68.51,69.35,69.66,69.69,69.79,69.92,69.79,69.52,68.71,68.39,68.20,67.93,67.43
2021-8-20 0:30:0,66.98,66.65,66.83,66.97,66.24,65.26,64.15,63.93,63.58,63.25,63.07,62.45,62.14,62.20,62.02,61.15,60.95,60.60,60.11,60.51
2021-8-20 0:30:1,60.33,59.85,59.63,59.73,59.45,59.41,59.54,59.13,59.62,59.40,59.44,59.43,59.33,59.97,59.84,60.10,59.78,59.93,59.84,59.66
2021-8-20 0:30:2,59.82,59.28,59.74,59.48,59.63,59.62,58.95,58.95,58.75,59.18,59.08,59.72,59.93,59.74,60.35,60.28,60.27,60.06,60.45,60.90
2021-8-20 0:30:3,61.03,61.00,60.44,60.06,60.28,60.27,60.46,60.50,60.41,60.77,60.50,60.38,60.62,60.90,61.43,61.75,61.24,60.97,60.92,60.70
2021-8-20 0:30:4,61.00,61.19,61.35,61.40,61.21,60.95,61.26,61.34,62.07,62.86,63.03,63.43,63.51,63.83,63.55,64.42,64.52,64.92,64.71,64.66
2021-8-20 0:30:5,65.30,65.00,66.02,66.56,66.31,66.72,66.80,66.28,66.79,66.83,67.55,68.06,68.04,68.96,69.04,69.42,70.31,70.36,70.95,71.57
2021-8-20 0:30:6,72.50,72.68,73.09,73.59,73.56,74.39,74.59,74.92,75.00,75.69,75.93,75.99,76.70,76.86,77.80,78.91,79.48,80.22,80.42,80.63,81.09
2021-8-20 0:30:7,81.42,82.00,82.29,82.29,82.42,82.93,82.89,83.29,83.06,82.37,82.21,81.54,81.60,81.35,81.02,81.00,80.31,79.69,78.68,77.62
2021-8-20 0:30:8,77.24,77.26,77.60,77.06,76.12,75.53,74.74,74.39,74.53,73.93,73.54,73.13,72.70,73.12,72.92,72.85,72.34,71.89,71.67,71.42
2021-8-20 0:30:9,71.46,71.17,71.36,71.19,71.38,71.17,71.61,72.37,72.25,72.00,71.13,70.39,70.48,70.29,70.22,70.50,69.87,69.86,69.95,69.47
2021-8-20 0:30:10,69.53,69.67,69.25,69.44,68.96,68.20,68.25,68.13,68.04,67.95,67.12,66.63,66.37,66.34,66.66,66.20,66.87,66.90,66.86,67.54
2021-8-20 0:30:11,66.72,66.89,66.66,65.83,66.53,66.31,66.65,67.58,67.59,67.36,67.09,66.82,66.29,66.90,67.26,67.07,67.04,66.53,66.04
2021-8-20 0:30:12,65.82,66.32,66.52,65.97,66.63,66.66,66.71,68.00,67.12,66.84,66.71,66.34,66.41,65.96,66.40,66.83,67.72,67.78,67.21,66.70,66.48
2021-8-20 0:30:13,67.10,67.60,67.45,67.31,67.30,66.94,67.06,67.10,66.55,67.12,67.15,66.46,67.11,67.01,67.23,68.35,67.94,67.68,67.47,66.47
2021-8-20 0:30:14,65.78,65.54,65.25,65.51,66.10,66.47,66.79,67.45,67.17,66.98,66.50,65.72,65.95,65.26,65.17,64.99,64.35,64.73,65.19,65.10
2021-8-20 0:30:15,65.96,65.52,65.16,65.39,65.04,65.60,65.51,65.20,65.38,65.09,65.06,64.88,64.39,64.24,64.49,64.58,64.24,64.45,64.19,63.81
2021-8-20 0:30:16,63.99,63.61,63.63,64.04,64.23,64.60,64.45,64.57,65.24,65.11,65.03,64.60,63.73,63.59,64.17,64.61,64.65,64.49,64.35,64.09
2021-8-20 0:30:17,64.05,63.85,63.54,63.55,63.85,64.05,63.60,63.42,63.05,62.88,63.34,63.75,63.89,63.77,62.96,62.18,62.29,62.21,62.37,62.73
2021-8-20 0:30:18,61.95,62.06,62.58,62.24,61.84,61.59,61.30,61.22,61.71,61.55,61.38,61.56,61.13,61.16,60.71,60.58,61.17,61.19,61.16,61.48
2021-8-20 0:30:19,61.22,61.62,61.57,61.35,61.29,61.23,61.61,61.64,62.11,61.90,62.15,62.19,61.39,61.11,60.39,60.37,60.52,60.82,61.11,60.88
2021-8-20 0:30:20,60.88,60.74,60.12,60.45,60.87,61.09,61.93,61.23,60.97,60.30,60.16,60.27,59.89,60.87,60.66,60.76,61.13,60.22,59.99,59.65
2021-8-20 0:30:21,59.13,59.33,59.65,59.68,59.82,59.68,59.57,60.17,60.08,59.98,60.04,60.32,60.35,60.78,60.56,59.50,59.99,60.23,60.63,61.24
2021-8-20 0:30:22,60.77,60.80,60.56,60.40,60.18,59.54,59.97,59.78,60.50,61.39,61.51,62.02,61.90,61.60,61.71,61.95,62.66,63.07,63.00,62.80
2021-8-20 0:30:23,62.30,61.93,62.60,62.93,63.67,64.78,64.80,65.97,66.30,66.13,66.65,65.97,65.96,66.22,66.59,67.23,67.24,67.56,67.09,67.10
2021-8-20 0:30:24,67.17,66.49,65.54,65.22,64.63,64.14,64.64,63.93,64.21,64.66,64.74,65.19,64.73,64.36,64.59,64.67,65.23,65.73,65.48,66.00
2021-8-20 0:30:25,66.10,66.99,67.68,67.51,67.87,67.41,67.35,67.68,67.76,68.03,67.94,67.92,67.59,67.35,67.28,67.39,67.07,67.12,67.05,66.70
2021-8-20 0:30:26,67.35,67.09,67.43,68.02,67.87,67.87,67.51,67.05,66.92,66.98,67.23,66.55,66.28,65.65,64.88,64.51,63.97,63.33,63.01,63.26
2021-8-20 0:30:27,63.27,64.09,63.81,63.72,63.85,63.91,63.92,63.47,63.53,63.40,63.89,64.34,64.10,63.85,64.22,64.46,64.71,65.23,64.59,64.12,64.31
2021-8-20 0:30:28,63.80,64.10,64.36,64.05,63.65,62.86,63.02,63.18,63.11,63.62,63.17,62.91,63.71,63.46,63.56,63.54,62.95,62.99,62.58,62.36
2021-8-20 0:30:29,61.98,62.02,62.16,62.11,62.61,62.70,62.81,62.93,62.27,61.99,61.82,62.07,63.29,63.40,63.75,63.31,62.19,61.74,61.29,61.28
2021-8-20 0:30:30,61.37,61.59,61.09,60.66,60.87,60.42,60.88,60.81,60.15,60.40,60.21,60.68,60.72,61.13,61.76,61.62,62.47,61.99,61.51,61.72
2021-8-20 0:30:31,61.28,61.49,61.81,61.72,61.92,62.03,61.71,61.38,61.12,60.98,60.85,61.48,61.83,62.16,62.72,62.47,62.48,62.55,62.36,62.28
2021-8-20 0:30:32,62.06,61.79,61.97,62.32,62.56,62.85,62.62,63.06,63.15,63.23,63.80,63.77,64.40,65.01,65.53,65.88,65.97,65.49,65.97,66.00,66.19
2021-8-20 0:30:33,67.12,66.89,67.43,67.56,67.82,68.54,68.75,69.14,69.27,68.49,68.42,68.58,68.75,68.63,68.47,67.96,67.13,67.97,68.13,68.24
2021-8-20 0:30:34,68.01,66.88,66.08,65.42,65.22,65.48,65.64,65.67,65.37,65.38,65.31,65.77,66.23,66.39,66.26,65.84,66.13,65.79,65.27,64.87
2021-8-20 0:30:35,64.41,64.22,64.25,64.72,64.61,64.41,64.63,64.07,63.41,62.74,62.66,62.36,62.57,62.79,62.09,62.09,62.11,62.13,62.63,63.06
2021-8-20 0:30:36,63.07,62.94,62.69,61.97,61.60,61.50,62.08,62.34,62.61,63.13,62.49,62.06,61.89,60.72,60.68,60.90,60.77,61.09,60.52,60.59
2021-8-20 0:30:37,61.11,61.32,61.46,61.34,61.42,61.67,61.93,61.81,61.50,61.19,60.95,61.22,60.94,60.59,60.90,60.25,60.20,60.72,60.85,61.57
2021-8-20 0:30:38,61.42,61.29,61.35,61.27,61.48,61.40,61.59,61.39,61.61,61.81,61.61,61.21,60.60,60.58,60.02,60.38,60.54,60.46,60.44,60.31
2021-8-20 0:30:39,60.02,59.80,60.13,59.75,60.02,59.88,59.62,60.21,60.06,59.96,60.28,60.08,59.76,59.68,59.32,59.40,60.03,60.50,60.12,59.74
2021-8-20 0:30:40,59.93,60.49,61.16,61.67,61.43,60.78,60.75,61.06,61.45,61.35,61.24,61.17,60.80,60.53,60.28,59.61,59.65,60.16,60.64,60.52,60.57
2021-8-20 0:30:41,60.27,60.09,60.64,60.82,61.01,60.87,60.91,60.72,60.61,61.20,61.18,61.68,62.17,61.98,62.15,61.55,61.20,61.02,61.48,62.23
2021-8-20 0:30:42,62.83,63.67,63.37,62.83,62.98,62.47,62.71,63.36,63.19,63.20,63.33,63.27,63.37,63.62,63.73,63.81,63.87,64.32,64.46,64.28
2021-8-20 0:30:43,63.88,62.98,62.26,61.79,61.84,61.79,61.83,61.88,61.97,62.42,62.28,62.14,61.76,61.45,62.08,62.05,62.53,62.45,62.83,63.27
2021-8-20 0:30:44,63.58,63.98,63.13,63.27,63.10,63.16,63.40,63.24,63.52,63.71,64.01,64.54,65.08,65.50,65.63,65.54,65.22,64.94,65.11,64.86
2021-8-20 0:30:45,64.95,65.27,65.75,66.23,66.21,66.37,66.25,66.27,66.71,66.36,66.36,66.87,66.44,66.99,66.93,67.30,68.10,68.46,69.54,70.23
2021-8-20 0:30:46,70.41,70.93,71.47,70.99,71.24,71.79,71.58,71.86,72.44,72.51,73.16,74.07,73.92,74.26,73.81,73.25,73.39,72.74,72.47,72.56
2021-8-20 0:30:47,72.89,72.80,72.83,72.78,72.14,71.88,71.54,70.99,70.65,70.24,69.86,69.95,69.54,69.33,69.37,68.88,68.90,68.61,68.04,67.98
2021-8-20 0:30:48,67.43,67.35,67.15,66.45,66.15,65.58,64.81,64.71,64.15,63.51,63.45,62.60,62.38,62.11,61.60,61.49,60.94,60.99,60.52,60.01
2021-8-20 0:30:49,60.37,59.91,60.04,60.23,59.93,59.98,59.56,59.54,58.92,58.57,58.52,58.10,58.12,58.13,58.25,58.07,57.91,57.99,57.43,57.37
2021-8-20 0:30:50,57.11,57.19,57.68,57.72,57.72,57.49,57.05,56.96,57.32,57.03,57.34,56.91,56.82,57.00,56.93,57.79,57.61,57.24,57.09,56.73
2021-8-20 0:30:51,56.50,57.13,57.56,57.36,57.50,57.55,57.07,57.10,56.89,56.20,56.68,57.05,57.72,57.98,57.59,57.28,56.96,56.80,57.13,57.20
2021-8-20 0:30:52,57.34,57.90,57.79,57.86,58.19,57.96,57.80,57.97,57.42,57.42,57.48,57.26,57.42,57.83,57.89,58.09,58.46,58.48,59.03,59.04,59.26
2021-8-20 0:30:53,58.88,58.77,58.89,59.06,59.28,59.06,59.24,58.74,58.72,58.56,58.31,58.60,58.86,59.36,59.40,58.90,58.88,58.76,59.12,59.57
2021-8-20 0:30:54,59.85,60.25,60.64,61.18,61.02,61.51,61.71,61.92,62.47,62.25,62.30,61.90,61.71,61.56,61.77,62.07,61.69,62.19,62.06,62.12
2021-8-20 0:30:55,62.67,62.93,62.96,63.48,64.19,63.89,64.62,65.51,65.88,66.62,66.62,66.30,66.51,66.35,66.50,67.07,67.56,68.03,68.48,68.50,68.82
2021-8-20 0:30:56,69.52,69.50,69.79,69.97,70.40,71.07,71.72,71.60,72.08,72.54,72.97,73.79,73.55,74.05,73.74,73.88,74.04,73.58,73.75,72.87
2021-8-20 0:30:57,72.07,71.99,70.89,70.87,70.48,69.78,69.98,69.89,70.06,69.91,69.60,69.28,69.35,69.21,69.15,69.34,69.30,69.43,69.29,69.16
2021-8-20 0:30:58,68.72,68.57,69.08,69.03,68.97,69.44,69.02,69.14,69.78,69.08,69.60,69.62,69.90,70.17,70.13,70.37,70.72,71.33,71.99,73.18
2021-8-20 0:30:59,72.88,74.12,74.44,74.20,75.29,74.53,74.38,74.07,72.96,73.23,73.35,73.13,74.03,73.53,72.56,72.23,71.07,70.51,70.11,69.62
2021-8-20 0:31:0,69.18,68.77,68.74,68.42,68.08,67.92,67.82,68.03,68.52,68.43,68.50,68.08,67.76,67.85,67.50,67.70,67.36,67.14,67.54,66.98
2021-8-20 0:31:1,66.99,66.95,65.88,65.90,66.01,65.93,66.17,66.26,65.72,65.33,65.43,65.50,65.70,66.01,66.62,66.88,67.35,67.74,67.29,67.21
2021-8-20 0:31:2,67.23,66.51,66.14,66.07,65.19,65.61,65.97,65.68,66.32,66.77,66.58,66.38,66.46,65.75,66.54,66.51,66.58,66.55,65.79,65.65
2021-8-20 0:31:3,65.26,65.42,64.74,65.27,65.01,64.10,64.98,64.92,65.12,65.90,65.98,65.52,65.00,64.83,64.46,64.57,64.94,64.97,64.84,64.78
2021-8-20 0:31:4,63.85,63.12,62.93,62.84,63.14,63.98,63.75,63.75,63.36,62.71,62.23,61.41,61.73,61.51,61.54,61.56,61.12,60.77,61.49,61.52,61.89
2021-8-20 0:31:5,61.92,61.24,61.26,60.85,60.72,60.63,60.84,61.31,61.55,61.08,60.87,60.08,60.20,60.33,59.94,60.59,60.88,61.71,61.64,61.28
2021-8-20 0:31:6,60.54,59.87,59.93,59.69,59.76,59.58,60.13,60.97,60.95,61.34,61.03,59.96,60.18,59.77,60.31,61.14,60.96,61.52,61.13,61.22
2021-8-20 0:31:7,61.67,61.90,62.09,62.39,62.61,62.12,61.77,61.32,60.64,59.90,60.20,59.71,60.28,60.64,60.69,61.23,60.41,59.99,59.54,59.65
2021-8-20 0:31:8,59.91,60.95,61.25,61.33,60.93,60.84,60.87,60.68,61.15,61.00,61.12,60.56,60.40,60.13,59.78,60.72,60.47,59.72,60.35,59.48
2021-8-20 0:31:9,59.88,60.73,59.84,59.86,60.25,60.15,59.74,60.01,59.66,59.88,60.56,59.97,59.23,59.26,59.16,59.41,59.59,58.75,59.23,59.25
2021-8-20 0:31:10,59.69,59.75,59.20,59.87,59.82,60.53,61.11,60.36,59.96,59.96,59.08,59.23,59.58,59.34,59.71,60.14,59.75,59.43,59.51,59.01
2021-8-20 0:31:11,59.78,59.97,59.86,60.07,59.51,59.97,59.70,59.91,60.21,59.87,60.07,58.99,58.78,59.17,59.12,59.71,58.91,57.95,57.36,57.24
2021-8-20 0:31:12,57.92,58.37,58.40,58.55,58.70,58.91,59.35,58.81,58.44,58.05,58.04,58.12,57.70,57.81,57.80,57.56,58.28,58.33,58.15,59.07
2021-8-20 0:31:13,58.75,58.68,58.18,57.66,57.54,57.04,58.03,58.53,58.95,59.30,59.38,59.22,59.42,59.79,59.38,59.56,58.88,58.81,58.10,57.61
2021-8-20 0:31:14,58.26,57.72,58.50,58.62,57.91,58.36,58.07,57.67,57.93,57.91,58.36,58.49,58.42,58.52,57.71,57.98,57.64,57.47,57.28,57.76
2021-8-20 0:31:15,58.09,58.08,58.61,57.62,57.57,57.15,56.96,57.24,57.83,58.21,58.50,58.50,57.86,57.77,57.45,58.09,58.66,58.47,58.69,58.27
2021-8-20 0:31:16,57.84,58.38,58.95,58.65,58.78,58.81,58.30,59.04,59.74,59.85,60.33,60.51,60.90,60.86,60.93,61.36,61.39,62.97,63.92,63.40
2021-8-20 0:31:17,63.99,63.51,63.80,64.62,64.37,63.95,63.85,64.29,64.79,64.80,64.65,64.41,64.57,65.73,65.76,66.44,66.15,66.09,66.66,66.16
2021-8-20 0:31:18,66.15,65.79,65.58,65.78,66.13,66.73,66.97,67.51,68.26,68.52,68.47,68.91,68.29,68.46,68.84,68.24,67.73,67.14,66.55,65.72
2021-8-20 0:31:19,65.33,64.62,64.35,64.67,64.84,64.66,64.40,63.59,62.94,62.81,62.53,62.06,62.25,61.82,61.51,61.96,62.48,62.55,62.70,62.55
2021-8-20 0:31:20,62.40,62.70,63.28,63.87,63.84,64.42,64.36,64.88,65.33,65.59,65.60,65.61,65.81,65.80,66.34,66.55,66.40,66.54,66.03,65.35
2021-8-20 0:31:21,64.62,63.33,62.93,62.47,62.31,62.05,61.87,61.87,62.44,63.05,63.51,63.57,63.03,62.76,62.20,61.85,61.85,61.96,61.76,61.88,61.56
2021-8-20 0:31:22,61.22,61.53,61.06,60.56,60.78,60.83,61.37,62.15,61.99,61.13,60.59,59.84,60.05,60.95,61.23,61.89,61.70,61.39,61.87,61.79
2021-8-20 0:31:23,62.07,61.83,61.69,61.67,61.91,62.40,62.41,62.50,61.90,61.41,60.88,60.80,60.86,61.11,61.48,61.39,61.90,62.37,62.10,62.09
2021-8-20 0:31:24,61.56,61.23,62.15,61.94,62.60,63.27,62.41,62.47,61.95,60.91,61.33,61.40,61.03,61.24,60.77,60.79,60.52,60.34,60.55,60.47
2021-8-20 0:31:25,60.81,61.06,60.77,61.14,61.08,60.60,60.65,59.97,59.88,59.97,59.92,60.19,60.58,60.94,60.65,60.89,60.46,59.93,60.52,60.09
2021-8-20 0:31:26,60.46,61.14,60.96,60.91,61.12,61.01,60.88,61.43,61.33,61.26,61.15,61.08,61.25,61.62,61.77,62.08,61.53,61.16,61.24,61.43
2021-8-20 0:31:27,61.79,62.37,62.53,62.49,62.77,62.85,63.19,63.08,62.90,62.83,62.19,62.42,62.98,62.92,63.87,63.67,62.87,62.61,62.32,61.83
2021-8-20 0:31:28,61.82,61.73,61.63,61.78,61.96,62.20,62.16,62.11,62.27,62.25,62.40,62.77,62.33,62.06,61.75,61.29,61.57,61.32,60.55,60.15
2021-8-20 0:31:29,59.55,59.09,59.44,59.74,59.50,59.54,59.27,58.64,58.37,58.40,58.87,59.08,59.67,59.83,59.47,59.78,59.20,58.88,58.30,57.72
2021-8-20 0:31:30,58.36,58.16,58.53,59.21,58.51,59.04,59.41,58.72,58.88,58.10,57.61,58.26,58.83,59.52,60.64,59.63,58.80,58.51,57.70,57.58
2021-8-20 0:31:31,58.19,58.06,57.87,58.17,57.76,57.97,57.51,57.94,57.85,57.54,57.57,56.98,57.49,57.57,57.60,58.34,58.07,58.28,58.18,57.35,57.37
2021-8-20 0:31:32,57.46,57.41,57.81,57.59,57.00,57.40,57.72,58.16,58.45,58.48,58.36,58.01,58.16,58.39,58.46,58.34,58.73,58.71,58.78,59.13
2021-8-20 0:31:33,59.39,59.98,59.51,59.49,59.08,58.28,58.91,59.27,59.39,59.81,59.80,59.47,59.25,59.47,59.49,59.82,60.43,60.54,60.78,61.28
2021-8-20 0:31:34,61.45,60.85,60.54,60.00,59.71,60.14,60.37,61.07,61.25,61.70,62.52,62.48,62.72,62.64,61.87,61.51,61.56,61.60,61.78,61.89
2021-8-20 0:31:35,62.16,62.06,62.27,62.56,62.59,62.86,62.65,62.93,62.94,63.27,63.70,63.65,63.14,63.03,62.31,62.33,62.38,61.79,62.18,61.04,61.01
2021-8-20 0:31:36,61.17,60.83,61.20,61.09,60.64,60.75,60.52,60.37,60.65,60.64,60.52,59.96,59.88,60.33,60.52,61.49,61.28,60.74,60.38,59.19
2021-8-20 0:31:37,58.82,58.42,59.06,60.51,60.58,60.83,61.71,62.57,63.35,63.11,64.67,64.89,65.53,66.85,65.67,64.41,64.67,65.03,64.61,63.90
2021-8-20 0:31:38,62.72,61.45,60.85,61.45,61.97,62.80,62.47,63.30,63.90,63.39,63.40,62.76,62.37,63.31,64.61,64.90,64.49,63.65,62.86,61.63,61.36
2021-8-20 0:31:39,61.95,62.01,62.72,63.77,63.29,63.33,64.30,63.42,63.13,63.22,62.97,63.73,63.93,63.79,62.95,62.32,62.34,62.11,62.10,62.38
2021-8-20 0:31:40,63.03,63.39,63.13,63.27,63.67,63.70,64.53,63.49,62.40,62.37,62.44,63.30,62.92,62.62,62.85,62.79,64.12,64.07,63.58,63.51,62.84
2021-8-20 0:31:41,63.42,62.75,62.77,62.21,62.18,62.53,61.81,62.37,62.58,63.59,64.18,64.23,64.06,63.08,63.56,63.30,63.06,63.07,62.90,63.67,63.02
2021-8-20 0:31:42,63.57,63.49,62.81,63.46,63.07,62.82,63.16,63.32,63.35,63.08,62.87,62.93,63.13,63.12,62.50,61.89,61.29,61.97,62.73,63.48
2021-8-20 0:31:43,63.93,64.73,65.78,65.23,67.02,68.15,66.97,66.51,66.10,65.02,66.02,67.69,66.15,64.97,63.22,62.28,63.15,63.81,63.86,63.71
2021-8-20 0:31:44,62.98,62.56,62.79,62.31,62.22,62.08,63.26,63.35,62.81,62.50,62.03,62.16,62.17,62.52,62.41,62.67,63.07,62.49,62.33,62.70,63.66
2021-8-20 0:31:45,64.66,63.65,63.00,63.23,62.76,63.78,64.23,63.27,63.55,63.65,62.92,62.85,62.73,63.16,63.68,63.54,63.54,63.09,63.16,62.94
2021-8-20 0:31:46,62.40,62.58,62.63,62.67,62.58,62.74,62.64,63.67,63.15,62.22,62.40,61.67,63.00,62.77,62.43,62.16,62.10,63.01,62.60,62.47
2021-8-20 0:31:47,61.97,62.41,63.50,63.45,63.52,62.85,62.49,62.83,62.65,62.82,62.27,63.07,63.32,63.71,65.18,65.04,65.75,65.67,64.36,63.55
2021-8-20 0:31:48,63.22,63.02,64.10,64.47,63.97,64.20,63.65,63.91,64.44,63.55,63.61,64.33,63.50,63.89,63.79,63.19,64.39,64.16,63.53,62.98
2021-8-20 0:31:49,62.46,62.73,62.35,62.62,62.97,63.33,63.63,62.88,62.31,62.20,63.43,63.75,63.05,62.66,61.77,62.86,63.10,63.09,63.06,62.23
2021-8-20 0:31:50,63.09,62.63,62.41,62.22,61.78,62.40,61.73,61.77,61.58,61.61,61.70,62.00,62.92,62.67,63.49,62.91,62.56,62.85,62.75,62.79
2021-8-20 0:31:51,62.02,61.71,61.50,61.47,61.61,61.77,62.50,63.10,63.30,63.31,63.17,62.88,63.76,63.21,62.91,63.22,62.68,63.63,63.70,63.85
2021-8-20 0:31:53,64.24,63.93,63.77,63.66,63.29,63.04,63.28,63.22,62.94,63.43,63.52,63.92,63.68,62.76,62.37,61.66,62.35,63.45,63.07,62.46
2021-8-20 0:31:54,61.91,62.51,63.54,64.14,64.07,62.36,61.94,62.02,61.72,61.75,61.83,61.88,61.84,62.44,63.09,63.87,63.81,63.73,62.78,62.87
2021-8-20 0:31:55,63.60,63.35,63.46,62.27,62.05,62.21,62.18,62.68,63.24,64.01,63.88,63.86,63.58,62.93,63.66,63.75,63.23,62.93,62.82,62.86,63.51
2021-8-20 0:31:56,63.84,63.13,63.18,63.32,63.10,63.54,63.60,63.33,63.73,63.52,63.26,62.91,63.13,63.78,63.64,63.66,63.15,62.59,63.16,62.95
2021-8-20 0:31:57,63.69,63.76,63.51,63.75,63.55,63.46,63.76,63.81,62.96,63.37,63.80,64.40,65.24,65.08,64.28,63.83,63.79,64.05,64.02,64.01
2021-8-20 0:31:58,64.16,64.36,64.09,64.10,64.04,63.54,64.31,63.96,63.49,63.46,63.22,64.19,63.37,63.83,64.08,63.90,64.56,63.84,62.89,62.57
2021-8-20 0:31:59,63.21,63.83,64.39,64.20,64.24,64.31,64.43,64.81,64.66,64.74,63.85,63.72,63.52,62.88,63.77,63.28,63.19,63.23,63.40,64.35
2021-8-20 0:32:0,63.75,63.99,63.32,62.88,63.78,63.30,64.24,64.50,64.40,64.99,63.51,63.24,63.75,63.42,63.68,63.31,62.62,62.67,63.89,64.33
2021-8-20 0:32:1,63.99,63.78,63.43,63.58,63.75,64.43,64.20,64.43,64.58,64.27,63.49,63.67,64.39,63.82,64.63,64.11,63.81,64.32,64.62,64.81
2021-8-20 0:32:2,65.15,65.64,65.27,65.44,66.32,66.50,66.26,66.05,65.45,64.87,65.39,64.91,64.07,64.06,63.80,64.17,63.81,63.16,63.36,63.51
2021-8-20 0:32:3,63.93,64.21,63.95,63.58,63.51,63.77,63.17,63.22,63.29,63.30,63.84,63.71,63.51,64.00,63.96,63.98,64.26,63.51,63.36,63.47,62.60
2021-8-20 0:32:4,62.63,63.11,63.76,63.93,64.22,63.86,63.60,64.85,65.17,65.01,64.56,64.26,64.42,64.90,64.92,64.76,64.26,64.31,64.40,63.74
2021-8-20 0:32:5,63.41,63.30,63.68,63.90,63.82,63.95,63.61,64.09,64.40,64.06,64.24,63.93,63.99,65.08,67.02,69.30,71.26,71.48,70.56,69.62,69.01
2021-8-20 0:32:6,68.83,68.71,67.77,67.56,67.65,67.11,67.28,66.75,67.02,68.58,69.38,70.88,70.81,71.54,72.00,72.39,73.36,72.79,72.60,71.41
2021-8-20 0:32:7,70.24,69.17,68.79,68.54,68.54,68.03,67.18,67.28,66.44,65.76,65.03,63.83,63.49,63.45,63.72,63.69,63.77,63.98,64.32,65.73
2021-8-20 0:32:8,68.58,69.65,72.18,73.81,73.33,74.54,74.55,73.95,73.93,73.98,73.86,73.84,73.83,73.73,73.92,73.99,73.60,72.80,71.83,71.56,71.01
2021-8-20 0:32:9,70.75,70.71,70.26,71.08,71.48,71.78,72.09,72.30,72.84,72.70,73.26,73.46,74.06,74.23,74.27,74.03,73.43,73.71,73.65,73.38
2021-8-20 0:32:10,72.88,72.94,72.83,72.65,72.98,72.39,72.33,72.62,72.74,73.43,73.65,74.00,74.34,74.06,74.35,73.96,74.12,74.12,73.61,73.75
2021-8-20 0:32:11,73.07,73.48,73.70,73.99,74.43,74.12,74.16,73.66,73.88,73.87,73.79,74.71,73.92,74.90,74.97,74.77,75.55,74.60,75.30,75.47,75.16
2021-8-20 0:32:12,74.97,73.47,73.16,73.26,73.04,73.43,72.78,72.58,72.46,72.61,72.83,72.68,72.68,72.55,73.20,72.88,73.64,73.31,72.33,72.26
2021-8-20 0:32:13,71.61,71.62,71.61,72.16,72.45,72.68,73.08,72.96,72.79,72.92,72.34,72.64,72.33,72.32,72.18,72.59,72.70,72.28,72.82,72.31
2021-8-20 0:32:14,72.69,73.04,73.94,73.86,73.68,73.92,73.42,73.37,73.11,72.46,72.52,72.25,72.07,72.68,72.11,72.08,72.13,71.26,71.22,70.63
2021-8-20 0:32:15,70.67,70.84,70.90,70.76,70.24,70.04,70.05,70.71,71.22,71.89,72.32,72.13,72.48,72.41,72.15,72.82,72.81,73.05,73.03,72.50
2021-8-20 0:32:16,72.11,71.68,71.17,71.03,70.80,70.26,69.83,69.76,69.02,69.03,69.13,68.41,68.72,68.61,67.90,67.92,67.94,68.17,68.58,68.31
2021-8-20 0:32:17,68.00,67.70,67.79,68.00,67.85,67.94,67.43,68.03,68.90,69.00,69.71,69.49,69.30,69.77,69.71,70.45,70.60,71.02,71.40,71.22,72.61
2021-8-20 0:32:18,72.64,73.56,73.83,73.32,73.27,72.66,72.79,72.32,71.91,72.60,73.57,74.16,75.36,75.29,74.87,75.43,75.37,76.25,77.42,78.49
2021-8-20 0:32:19,80.29,81.71,82.79,83.19,83.71,84.15,84.02,84.45,84.73,85.26,85.71,85.94,86.04,85.33,84.65,83.64,82.09,80.73,79.77,79.04
2021-8-20 0:32:20,78.87,78.37,78.25,78.33,77.49,77.86,77.38,77.37,78.11,78.40,78.78,79.12,79.69,79.97,80.42,81.10,81.07,81.00,81.53,81.06
2021-8-20 0:32:21,80.49,80.44,79.86,79.75,79.75,79.39,78.99,78.84,78.59,78.05,78.03,77.99,77.86,78.01,78.11,77.57,77.58,77.85,77.98,78.44
2021-8-20 0:32:22,78.37,78.35,78.24,78.29,78.44,78.20,78.51,78.53,78.64,78.54,78.16,77.75,77.83,78.00,77.66,77.13,76.03,75.06,74.68,74.48
2021-8-20 0:32:23,74.53,74.27,73.99,73.65,73.32,72.92,72.15,71.35,70.71,70.55,70.64,70.70,70.28,70.15,69.33,69.47,69.61,69.23,69.65,69.21
2021-8-20 0:32:24,68.85,69.48,68.99,68.85,69.35,69.13,69.10,68.84,67.93,66.77,67.07,67.80,67.85,68.29,68.21,67.34,68.53,68.74,68.53,68.81
2021-8-20 0:32:25,67.87,68.27,68.14,68.27,69.00,68.33,68.90,68.95,68.44,68.22,67.62,67.75,67.67,67.82,67.38,66.71,65.88,65.60,65.45,65.44
2021-8-20 0:32:26,65.77,65.80,66.55,66.55,66.15,65.86,65.29,65.36,65.57,66.05,65.94,65.69,65.00,64.92,64.37,63.90,64.54,64.26,65.06,65.56
2021-8-20 0:32:27,65.82,65.99,65.59,65.48,65.45,65.50,65.89,66.02,65.64,65.59,65.21,65.72,66.67,66.75,67.91,67.66,67.26,67.55,66.93,66.58
2021-8-20 0:32:28,66.41,67.08,67.69,68.04,68.05,68.22,68.01,68.11,68.41,68.31,68.63,68.74,69.56,69.48,68.98,68.99,68.68,68.47,69.26,69.58
2021-8-20 0:32:29,69.89,70.02,69.63,70.39,70.38,70.56,71.05,70.99,71.68,72.26,72.96,73.03,73.32,73.23,72.81,73.25,72.90,73.02,73.07,72.99
2021-8-20 0:32:30,72.98,73.13,73.28,73.37,73.24,72.86,72.61,72.32,71.84,71.88,71.41,71.06,71.15,70.21,70.18,69.89,69.58,70.35,70.61,70.54
2021-8-20 0:32:31,70.86,70.56,70.67,70.62,70.82,71.28,71.26,72.02,71.86,71.91,71.64,71.77,72.09,72.05,72.49,72.07,72.18,72.40,72.42,72.33,72.27
2021-8-20 0:32:32,71.88,71.35,70.84,70.74,71.21,71.71,72.88,72.76,73.34,73.18,72.98,73.37,73.11,73.71,74.38,74.96,74.64,74.69,74.84,74.58
2021-8-20 0:32:33,75.18,75.20,74.98,74.81,74.82,74.99,74.58,75.00,76.10,75.50,75.66,76.03,74.51,75.34,76.56,75.41,75.17,74.67,73.48,73.49,73.71
2021-8-20 0:32:34,73.76,74.02,73.83,73.47,73.23,72.20,72.00,71.82,71.49,71.08,71.24,70.92,70.93,71.96,71.11,71.74,71.56,70.90,71.47,70.64
2021-8-20 0:32:35,70.60,70.41,70.77,71.78,71.46,71.96,71.77,71.36,72.30,72.54,73.09,73.73,73.66,73.21,73.01,72.86,73.16,73.49,73.66,73.85
2021-8-20 0:32:36,74.22,74.48,75.25,75.69,75.88,76.59,76.69,76.82,76.39,76.29,76.08,75.89,76.21,75.84,76.15,76.40,76.56,76.32,75.56,75.49
2021-8-20 0:32:37,75.58,76.50,76.64,76.45,75.57,75.01,74.91,74.36,74.37,73.83,73.33,72.89,72.91,72.73,73.06,73.09,72.84,72.75,72.72,72.74
2021-8-20 0:32:38,72.70,72.52,72.03,72.12,71.28,71.30,70.98,70.50,71.15,71.09,71.19,71.25,71.19,71.24,71.90,72.46,72.77,73.04,72.74,72.63
2021-8-20 0:32:39,73.12,73.37,73.82,74.04,73.69,73.88,73.65,74.15,74.37,75.17,75.82,75.87,76.04,75.87,76.03,76.82,78.05,78.67,78.88,77.61
2021-8-20 0:32:40,76.30,75.09,73.86,74.63,74.98,75.58,76.32,76.61,76.95,77.44,77.90,76.86,76.41,74.87,73.83,73.94,73.13,74.00,74.53,73.84
2021-8-20 0:32:41,74.01,72.91,71.86,72.25,71.78,71.73,71.88,71.48,71.81,70.81,70.13,69.63,68.60,68.81,69.01,69.01,69.17,68.57,68.47,67.81
2021-8-20 0:32:42,67.59,67.76,66.80,66.62,66.27,66.47,66.72,66.67,66.28,66.39,66.03,66.15,66.36,65.50,65.26,64.99,64.76,64.57,64.51,64.26
2021-8-20 0:32:43,63.90,63.32,63.11,62.88,61.97,61.81,61.44,60.70,61.18,60.69,60.43,60.62,60.27,60.27,60.45,60.57,60.28,61.17,61.10,61.07,61.76
2021-8-20 0:32:44,61.23,61.25,61.55,61.50,61.45,60.89,60.11,60.33,60.26,60.66,60.80,59.88,59.65,59.74,59.86,60.12,60.04,60.07,60.17,60.36
2021-8-20 0:32:45,60.70,60.27,59.95,60.02,59.64,59.94,59.98,59.66,60.01,60.01,59.84,59.47,59.47,59.18,58.92,59.14,58.72,59.26,59.36,59.60
2021-8-20 0:32:46,60.33,60.04,60.10,60.31,60.48,60.90,60.83,60.18,59.23,59.10,59.17,59.79,60.12,59.99,60.15,60.09,60.39,60.40,60.78,60.61,60.84
2021-8-20 0:32:47,60.59,60.42,60.55,60.23,60.83,60.75,60.53,60.36,59.87,59.72,59.85,59.99,59.53,59.58,59.97,60.31,60.36,60.89,60.28,59.83
2021-8-20 0:32:48,60.12,59.66,59.95,59.80,60.07,60.15,60.29,60.88,60.94,61.33,60.92,60.21,60.23,59.91,60.68,61.27,61.26,61.24,60.70,60.18
2021-8-20 0:32:49,59.85,59.96,59.87,60.10,59.98,59.58,59.18,59.23,59.94,59.38,59.82,59.53,58.59,59.12,59.55,59.81,60.36,60.58,59.56,59.71
2021-8-20 0:32:50,59.86,59.56,60.26,59.98,60.16,60.59,60.81,60.70,60.37,60.05,59.27,59.50,59.35,59.94,59.96,59.67,60.34,59.97,60.62,60.78
2021-8-20 0:32:51,60.11,60.03,59.40,59.52,59.85,59.83,59.83,59.72,60.09,59.96,60.32,60.53,59.88,60.19,60.66,60.79,61.62,61.83,62.37,62.79
2021-8-20 0:32:52,62.63,63.45,63.68,64.13,65.05,65.36,65.85,66.11,66.38,66.79,66.99,67.46,67.68,68.21,68.97,69.37,68.98,68.03,66.67,65.89
2021-8-20 0:32:53,65.09,64.82,64.83,64.80,65.04,64.63,64.51,64.60,64.43,64.77,64.56,64.29,64.40,64.48,64.59,64.46,64.95,65.03,64.59,64.28
2021-8-20 0:32:54,63.17,62.72,62.38,61.93,62.11,61.51,61.90,61.65,61.64,61.87,61.60,61.89,61.50,61.48,60.54,59.94,59.92,59.58,60.62,60.75
2021-8-20 0:32:55,60.71,61.08,61.11,62.11,62.38,62.71,63.51,63.29,63.41,62.96,62.25,62.45,62.47,62.98,63.36,63.49,63.88,64.40,65.17,65.20
2021-8-20 0:32:56,65.66,65.85,65.50,66.55,66.31,66.56,66.61,65.80,66.23,65.94,66.19,66.44,66.03,66.01,66.45,65.91,66.76,66.96,66.27,66.72
2021-8-20 0:32:57,66.00,66.40,66.86,66.96,67.66,67.89,67.73,67.72,68.10,68.02,68.31,68.94,69.05,68.96,69.06,68.98,68.77,69.97,70.58,70.49
2021-8-20 0:32:58,70.21,69.04,68.79,68.67,68.11,67.82,67.02,66.40,66.89,67.17,67.23,67.94,67.64,67.63,67.91,67.63,68.27,68.59,68.98,69.67
2021-8-20 0:32:59,69.51,69.19,69.53,69.44,69.67,69.58,68.70,68.71,68.63,68.66,68.97,69.17,69.34,69.68,69.89,70.01,69.82,69.67,69.08,68.59
2021-8-20 0:33:0,68.89,68.71,68.94,68.83,68.48,68.52,68.27,68.39,67.64,67.48,67.06,66.89,66.83,66.54,67.29,66.71,67.32,67.26,66.93,67.67,67.73
2021-8-20 0:33:1,68.28,68.39,68.64,68.77,68.53,69.21,68.92,68.85,68.95,68.28,68.07,67.81,67.43,67.39,67.21,67.24,67.49,67.58,67.37,66.87,66.53
2021-8-20 0:33:2,66.30,66.86,67.60,67.92,67.89,68.13,68.53,68.47,69.05,68.64,68.35,69.37,69.92,70.45,71.12,70.85,70.84,70.62,70.03,69.98
2021-8-20 0:33:3,69.52,69.80,69.70,68.84,67.85,67.21,66.84,67.18,67.47,67.70,67.79,67.84,67.94,67.85,67.78,67.53,68.03,67.63,67.68,67.31
2021-8-20 0:33:4,67.17,67.12,67.41,67.75,67.27,67.41,67.02,66.83,66.94,67.10,66.95,66.85,66.94,66.72,66.44,66.18,65.76,65.65,66.05,66.34
2021-8-20 0:33:5,67.02,66.94,66.30,66.07,65.32,65.48,66.31,67.00,67.30,67.55,67.23,67.06,66.96,66.89,66.85,67.37,67.64,67.60,67.88,67.16
2021-8-20 0:33:6,66.92,66.56,65.94,66.10,65.61,66.57,66.78,67.16,67.56,67.11,66.74,66.22,66.62,66.50,67.56,68.02,68.56,68.96,69.38,69.72
2021-8-20 0:33:7,69.05,69.45,68.76,68.80,69.75,69.97,70.64,70.80,70.38,70.55,70.47,70.05,69.86,69.41,69.81,70.40,70.86,70.88,70.80,70.72
2021-8-20 0:33:8,70.96,70.63,69.81,69.86,69.94,69.91,70.04,69.80,69.20,69.33,69.57,69.28,69.24,69.23,69.08,68.81,68.58,68.67,68.47,68.34
2021-8-20 0:33:9,68.64,68.61,68.35,68.31,68.12,67.53,67.69,67.13,66.50,66.48,66.04,66.30,66.36,65.97,65.89,66.13,66.12,66.28,66.04,65.87
2021-8-20 0:33:10,65.42,65.37,65.92,65.68,65.90,65.46,64.75,64.74,64.58,64.25,63.85,63.45,63.40,64.00,63.95,64.18,64.45,65.17,65.56,65.49
2021-8-20 0:33:11,65.76,65.32,65.83,66.12,65.36,64.59,64.31,63.80,64.09,64.18,63.78,63.75,63.42,63.79,63.93,64.42,64.59,64.75,64.96,65.30
2021-8-20 0:33:12,65.88,66.32,67.18,67.27,67.61,67.39,67.88,67.65,67.94,68.73,68.33,68.90,69.23,69.23,69.51,69.69,69.65,69.46,68.98,68.65
2021-8-20 0:33:13,67.66,66.85,65.69,64.55,63.89,63.12,63.10,63.45,63.77,64.33,64.19,63.83,63.37,63.13,63.39,63.34,63.41,63.27,62.94,62.72
2021-8-20 0:33:14,62.63,62.57,62.82,62.78,62.80,62.70,62.62,62.84,62.68,62.54,62.50,61.87,61.66,61.47,61.28,62.02,61.92,61.57,61.22,60.62
2021-8-20 0:33:15,60.55,60.63,60.55,60.48,60.47,61.27,61.24,61.37,61.33,60.80,61.08,60.92,60.63,60.24,59.54,59.51,59.79,59.82,60.15,60.16
2021-8-20 0:33:16,60.48,60.41,60.74,61.06,61.05,61.37,61.56,61.47,61.44,61.36,61.51,61.47,61.08,61.26,61.02,61.09,61.55,61.50,61.39,61.15
2021-8-20 0:33:17,61.21,61.12,61.31,61.10,60.64,60.63,60.53,60.81,61.23,61.29,61.94,62.39,62.51,62.73,62.19,61.79,61.86,62.06,62.36,62.69
2021-8-20 0:33:18,62.36,62.55,62.64,62.81,62.41,61.71,61.55,61.34,61.80,62.40,63.06,63.61,64.85,65.14,64.88,64.68,64.21,64.30,64.31,64.64
2021-8-20 0:33:19,65.17,65.28,65.83,65.83,65.75,65.98,65.99,65.97,66.19,66.12,66.02,66.28,66.37,66.99,67.36,67.84,67.46,67.41,67.44,67.96
2021-8-20 0:33:20,68.36,68.03,68.14,66.85,66.77,66.99,66.58,67.06,67.24,67.85,68.22,68.61,68.51,68.61,68.63,69.06,69.08,68.73,68.68,68.53
2021-8-20 0:33:21,68.18,68.26,68.53,68.76,69.47,69.29,69.36,68.92,68.44,67.97,67.51,67.24,67.48,68.33,68.85,69.34,69.54,69.78,70.10,70.23
2021-8-20 0:33:22,70.48,70.25,70.24,70.09,70.04,70.15,69.63,69.51,68.93,67.77,67.03,66.00,65.64,65.07,64.61,64.83,63.98,63.63,63.45,62.97
2021-8-20 0:33:23,63.17,63.45,63.15,63.31,63.60,64.12,64.93,65.06,65.33,65.09,65.22,65.53,65.52,66.00,66.47,66.47,67.49,67.66,67.69,68.38
2021-8-20 0:33:24,67.98,68.05,68.10,68.24,68.60,68.95,69.76,70.14,70.54,71.34,71.03,70.87,70.66,70.51,71.57,72.00,72.00,72.48,71.80,71.85
2021-8-20 0:33:25,72.46,72.12,72.61,72.63,72.40,72.43,72.21,71.83,71.29,71.26,70.95,70.92,71.36,71.50,71.69,72.16,72.17,72.10,72.17,72.01
2021-8-20 0:33:26,71.83,72.22,72.75,72.56,73.21,73.17,72.90,73.62,73.39,73.67,73.64,73.22,73.29,72.79,72.65,72.40,72.61,72.33,71.85,71.29
2021-8-20 0:33:27,70.16,70.03,69.81,69.97,69.79,69.39,69.24,68.40,67.93,67.67,67.76,68.02,68.49,68.52,68.28,68.25,68.54,68.04,67.58,67.70
2021-8-20 0:33:28,67.41,67.90,68.42,68.44,68.52,68.70,68.31,67.62,67.13,66.68,66.59,66.87,66.97,66.69,66.91,66.71,66.43,66.16,65.60,65.87
2021-8-20 0:33:29,65.68,66.03,66.54,66.04,66.49,65.96,65.13,65.12,64.21,64.36,64.64,64.65,64.99,64.89,64.37,64.49,64.34,64.18,64.57,64.24
2021-8-20 0:33:30,64.54,64.06,64.17,64.21,64.16,65.28,65.38,65.50,65.17,64.88,64.61,65.53,66.07,66.13,66.98,66.83,67.06,67.22,67.47,67.73,67.44
2021-8-20 0:33:31,68.37,68.58,68.56,69.23,68.88,68.20,67.29,66.70,66.62,66.20,66.36,66.73,65.68,65.56,65.20,65.00,65.23,65.98,66.58,66.82,67.36
2021-8-20 0:33:32,67.01,66.51,66.17,66.21,65.88,66.75,66.42,65.65,65.56,64.68,64.66,65.39,65.75,66.03,66.16,65.74,65.83,66.04,65.45,65.68,65.64
2021-8-20 0:33:33,65.54,66.12,65.84,65.89,65.64,65.64,65.36,64.56,64.10,63.75,64.17,64.30,65.06,65.20,64.51,64.90,64.41,65.26,65.85,65.77,65.89
2021-8-20 0:33:34,65.59,65.65,65.25,65.46,64.25,64.35,65.01,64.50,65.04,64.12,63.91,63.54,63.44,63.88,63.77,63.96,63.68,63.16,62.49,62.48
2021-8-20 0:33:35,62.64,62.76,62.81,63.06,63.08,62.70,62.77,62.29,62.26,62.92,63.17,62.99,63.29,63.07,62.66,63.14,62.63,63.24,64.11,64.02
2021-8-20 0:33:36,64.40,63.49,63.01,62.93,62.37,62.65,63.36,64.33,64.91,64.90,64.08,63.67,64.05,63.78,63.95,63.64,63.34,64.12,64.13,64.67
2021-8-20 0:33:37,64.57,64.26,64.31,63.72,63.18,63.18,63.18,63.75,64.18,64.19,64.23,63.56,63.51,63.99,63.39,63.65,63.64,63.10,63.40,63.58
2021-8-20 0:33:38,63.84,63.62,63.41,62.98,62.63,62.31,62.57,62.95,62.51,62.56,62.09,61.49,62.19,62.39,62.68,62.33,61.55,61.25,60.89,61.57
2021-8-20 0:33:39,61.39,62.20,62.38,62.18,62.32,61.94,61.85,61.47,62.03,61.42,61.51,61.71,61.45,61.71,61.81,61.70,61.69,62.00,61.85,62.00
2021-8-20 0:33:40,62.00,62.16,61.84,61.99,61.94,61.77,61.38,60.79,60.93,60.52,61.16,61.58,61.20,61.34,61.25,61.13,61.31,61.38,61.56,61.72,62.20
2021-8-20 0:33:41,62.64,63.00,62.50,62.23,61.56,61.26,62.19,62.74,63.33,63.69,63.88,63.11,63.59,64.20,64.12,64.92,65.01,64.63,64.57,65.01
2021-8-20 0:33:42,64.89,65.56,66.09,65.67,65.72,65.71,66.16,66.95,67.32,67.62,67.37,67.28,67.14,66.41,66.15,65.72,65.50,65.48,65.25,65.30
2021-8-20 0:33:43,64.91,64.41,63.73,63.47,63.89,63.81,63.62,62.75,61.89,62.33,63.00,63.95,64.76,64.49,65.22,64.99,64.94,65.09,64.93,64.92,64.80
2021-8-20 0:33:44,65.20,64.82,64.24,63.53,63.65,63.80,64.93,65.61,65.53,65.58,65.34,65.90,66.65,67.08,67.94,68.10,67.95,67.74,67.34,67.72
2021-8-20 0:33:45,67.79,68.23,69.07,69.04,69.15,68.81,67.98,68.14,68.73,68.96,69.93,69.50,68.58,68.63,68.58,69.47,69.96,70.27,70.08,69.00,67.71
2021-8-20 0:33:47,67.70,67.54,68.11,68.87,68.32,67.20,67.05,67.33,67.44,67.87,67.61,67.31,66.78,67.03,67.28,67.36,67.97,67.76,67.66,67.16,67.43
2021-8-20 0:33:48,67.53,67.46,67.46,66.79,66.59,66.48,66.45,66.90,67.23,67.11,67.54,67.02,66.09,66.32,66.99,67.27,67.68,67.54,67.14,67.45
2021-8-20 0:33:49,67.89,67.67,67.20,66.70,66.59,66.53,66.18,65.59,64.94,64.08,63.70,63.31,63.37,63.70,64.18,65.11,65.07,65.61,65.96,66.14
2021-8-20 0:33:50,66.04,65.94,65.87,65.31,65.57,65.46,65.34,65.73,65.67,65.77,65.19,64.97,64.42,64.20,65.09,65.17,65.80,65.48,65.31,65.04
2021-8-20 0:33:51,65.11,65.77,65.67,65.66,65.23,64.44,63.88,63.81,63.75,63.98,64.01,63.74,63.56,63.60,63.06,62.80,62.85,62.36,62.88,62.92
2021-8-20 0:33:52,62.96,62.83,62.08,61.95,62.00,62.33,62.46,62.45,62.15,61.71,61.65,61.74,61.43,61.52,61.84,61.85,62.45,62.37,62.61,62.79
2021-8-20 0:33:53,62.39,62.53,62.31,62.18,62.12,61.97,61.55,61.77,61.71,61.63,61.62,61.36,61.68,61.37,61.18,61.05,60.33,60.87,61.26,60.82
2021-8-20 0:33:54,61.01,60.74,60.83,61.05,61.43,61.56,61.08,61.16,60.91,60.81,60.90,61.33,61.46,61.81,62.08,62.67,62.50,62.34,62.66,61.92
2021-8-20 0:33:55,62.28,61.85,61.73,61.48,61.36,61.99,62.30,62.26,62.33,61.97,61.74,63.17,62.97,63.87,63.70,62.92,63.27,63.00,62.77,62.03
2021-8-20 0:33:56,61.25,60.65,60.75,60.62,60.96,60.94,60.66,61.07,60.54,60.57,60.73,60.54,61.01,61.08,61.03,61.21,61.47,61.95,62.00,62.04
2021-8-20 0:33:57,61.50,61.15,61.45,61.55,62.40,62.10,61.47,61.82,61.17,61.09,60.79,60.25,60.72,61.83,62.37,62.51,62.13,61.29,61.39,61.36
2021-8-20 0:33:58,61.64,61.30,61.57,61.52,61.32,61.53,61.11,60.95,60.93,60.84,60.03,60.47,60.30,60.00,60.06,59.33,60.08,60.27,60.88,61.07,60.66
2021-8-20 0:33:59,60.74,60.45,60.75,60.76,60.73,61.45,61.38,60.89,61.17,60.97,61.04,61.56,61.68,61.69,61.30,60.95,61.08,60.87,61.45,61.24
2021-8-20 0:34:0,60.61,60.51,59.91,60.03,60.47,60.52,60.68,60.75,60.99,61.04,60.62,60.63,60.25,60.26,60.65,60.28,60.10,59.82,60.14,59.89
2021-8-20 0:34:1,59.63,59.80,59.24,59.56,59.38,59.26,59.32,59.62,59.79,60.17,60.01,60.09,60.29,60.06,60.58,60.77,60.35,60.44,60.32,60.50
2021-8-20 0:34:2,61.35,61.75,62.09,61.81,62.17,62.50,62.69,63.33,63.68,63.73,63.44,62.83,62.23,62.36,62.35,62.30,62.43,62.22,62.28,62.30,61.55
2021-8-20 0:34:3,61.19,61.02,60.73,60.75,60.42,60.49,60.65,61.18,61.11,61.05,61.42,61.34,61.37,61.35,61.26,60.83,60.76,60.38,60.03,60.41
2021-8-20 0:34:4,60.70,60.54,60.61,60.03,59.50,59.77,59.56,59.40,59.65,59.27,59.36,59.42,59.23,59.06,58.69,58.98,58.79,59.14,59.24,58.91
2021-8-20 0:34:5,58.81,58.70,58.54,58.39,58.33,58.53,58.56,58.54,58.45,58.77,59.07,59.37,59.81,59.39,58.58,58.49,58.41,58.07,59.01,59.07
2021-8-20 0:34:6,59.16,59.12,58.91,58.88,58.87,59.61,59.44,59.56,58.86,58.51,58.33,58.17,58.46,58.51,58.61,58.60,59.03,59.16,59.52,59.81
2021-8-20 0:34:7,59.54,59.46,59.38,59.29,59.02,58.61,58.49,58.47,59.03,58.74,58.99,59.02,59.01,59.80,59.51,59.23,59.09,58.56,58.66,58.44
2021-8-20 0:34:8,58.47,58.93,58.87,59.85,60.19,60.30,60.05,59.76,59.50,58.98,59.14,59.10,59.26,59.52,59.76,59.59,59.45,59.27,59.26,59.40
2021-8-20 0:34:9,59.53,60.14,59.79,59.34,59.63,59.66,59.70,59.85,59.23,58.71,58.97,58.95,58.99,58.77,58.82,58.78,58.68,58.75,58.89,59.27
2021-8-20 0:34:10,59.04,59.08,58.75,58.66,58.81,58.92,58.52,58.53,58.77,59.01,59.29,59.34,59.19,58.71,59.19,59.26,59.66,59.65,59.12,58.69
2021-8-20 0:34:11,58.67,58.87,58.96,59.20,59.02,59.35,59.61,59.43,59.54,59.06,58.46,58.37,58.30,58.71,59.02,59.19,59.05,59.23,58.80,58.71
2021-8-20 0:34:12,58.19,57.99,58.33,58.26,58.52,58.72,58.62,59.05,59.00,58.64,59.15,58.40,58.04,57.56,58.08,58.44,58.63,58.86,58.30,58.17
2021-8-20 0:34:13,58.08,58.33,58.51,58.05,58.24,57.70,57.92,58.25,58.90,59.30,58.59,58.53,57.80,57.76,57.58,57.91,57.98,57.84,58.06,58.02
2021-8-20 0:34:14,57.90,57.77,57.67,57.30,57.35,57.83,57.71,57.75,57.89,57.50,57.51,57.68,57.47,57.51,57.28,57.48,57.44,57.38,57.93,58.15
2021-8-20 0:34:15,58.24,58.25,57.63,57.66,57.54,58.04,57.99,57.56,57.53,56.92,56.78,57.60,58.00,58.06,58.06,57.58,57.16,56.91,57.47,57.86
2021-8-20 0:34:16,58.19,57.92,57.80,57.46,57.76,58.22,58.47,58.08,58.27,58.11,57.65,57.42,57.13,57.19,57.03,56.82,56.81,56.90,57.38,57.75
2021-8-20 0:34:17,58.03,58.01,57.97,57.93,58.12,58.13,57.89,58.30,57.98,58.29,58.32,58.30,58.39,58.76,58.68,58.39,58.18,57.82,57.57,57.32
2021-8-20 0:34:18,57.38,57.74,58.27,58.08,58.18,58.33,58.55,58.94,58.73,58.46,58.39,58.48,58.01,57.73,57.61,58.14,58.08,58.02,58.01,57.36
2021-8-20 0:34:19,57.19,57.15,57.58,57.22,57.31,57.56,57.71,57.66,57.71,57.88,57.53,57.92,58.02,57.91,57.83,57.77,58.23,58.03,57.72,58.30
2021-8-20 0:34:20,58.20,57.86,57.94,58.22,58.62,58.76,58.67,58.64,58.07,57.85,58.21,58.09,58.37,58.75,58.81,58.45,58.27,58.34,57.94,57.61
2021-8-20 0:34:21,57.83,58.24,57.85,58.44,58.57,58.19,58.60,58.15,58.06,57.91,58.11,58.51,58.23,58.43,58.60,58.70,58.91,59.02,58.72,58.95
2021-8-20 0:34:22,58.88,58.77,58.82,58.67,58.17,58.08,58.86,58.67,59.24,59.04,58.61,58.29,58.37,58.25,57.87,57.58,57.76,58.56,58.14,58.31
2021-8-20 0:34:23,58.44,58.24,58.06,57.73,57.45,57.56,57.83,58.07,58.16,58.09,58.37,58.55,58.75,58.91,59.00,59.13,59.03,58.97,58.69,58.67
2021-8-20 0:34:24,58.88,58.97,58.70,58.81,58.44,58.51,58.84,58.83,58.96,58.74,58.49,58.22,57.76,57.55,58.20,58.03,58.14,58.43,58.27,58.59
2021-8-20 0:34:25,58.87,58.43,58.42,58.41,58.33,58.35,58.31,58.31,58.14,58.20,58.46,58.30,58.55,58.05,58.08,58.20,58.03,58.46,58.53,58.69
2021-8-20 0:34:26,58.45,58.65,58.51,58.40,58.60,58.36,58.25,58.07,58.05,57.96,58.06,58.17,58.37,58.86,58.83,58.75,58.91,58.94,59.12,59.21
2021-8-20 0:34:27,58.62,58.52,58.86,58.99,58.98,58.88,58.76,58.57,58.89,58.91,58.64,58.79,58.66,58.53,58.91,58.93,59.09,59.18,58.90,59.05
2021-8-20 0:34:28,58.66,58.92,58.57,58.82,58.46,58.33,58.79,58.38,58.88,58.48,58.33,58.43,58.89,58.88,58.89,59.12,58.40,58.80,59.07,59.00
2021-8-20 0:34:29,59.32,59.12,58.95,58.74,58.64,58.95,58.72,59.15,58.94,58.61,58.87,58.60,59.00,58.96,58.96,58.69,58.50,58.35,57.98,58.90
2021-8-20 0:34:30,59.14,58.98,59.23,58.96,59.11,59.30,58.82,58.87,59.38,59.23,59.34,59.33,58.83,59.15,58.70,58.62,58.48,58.67,58.98,58.58
2021-8-20 0:34:31,59.23,59.16,59.48,59.35,58.93,58.71,58.64,58.65,58.57,58.68,58.65,58.72,58.95,58.65,58.47,58.34,58.26,58.51,58.39,58.24,58.82
2021-8-20 0:34:32,58.93,59.03,59.21,58.13,58.17,58.41,58.42,58.61,58.45,58.66,58.96,59.12,59.38,59.46,59.41,59.31,58.81,58.33,58.05,58.13
2021-8-20 0:34:33,58.40,57.92,58.16,58.58,58.64,58.98,58.92,58.66,58.96,59.24,59.19,58.98,59.28,59.26,59.32,59.26,59.23,58.84,58.66,58.98
2021-8-20 0:34:34,58.33,58.21,58.17,58.31,58.61,58.89,58.86,58.76,58.88,58.64,58.34,58.04,58.19,58.11,58.32,58.62,58.50,58.79,58.83,59.06,59.05
2021-8-20 0:34:35,58.82,58.80,58.03,58.05,58.32,58.61,58.73,58.92,58.77,58.40,58.77,58.71,59.16,59.06,58.78,58.50,57.87,57.95,58.58,58.85
2021-8-20 0:34:36,58.92,58.83,57.99,57.94,58.37,58.62,58.62,58.04,58.11,57.77,57.75,58.05,58.09,58.28,58.37,58.54,58.39,58.28,58.70,58.85,58.77
2021-8-20 0:34:37,58.69,58.32,58.02,58.06,58.41,58.57,58.13,58.39,59.05,59.21,59.59,59.77,58.95,58.40,58.49,58.78,59.95,61.65,62.63,63.15
2021-8-20 0:34:38,64.42,64.91,66.55,68.49,68.55,69.01,69.45,68.86,69.72,70.34,69.61,70.40,70.06,70.25,70.23,70.03,70.28,70.87,72.26,72.47
2021-8-20 0:34:39,72.53,71.82,71.41,71.81,72.15,73.16,73.86,74.25,74.98,74.76,75.04,75.77,75.81,76.90,76.18,76.43,76.91,76.70,77.18,76.72
2021-8-20 0:34:40,77.39,77.39,78.12,78.16,77.89,78.19,77.59,77.71,77.50,76.62,76.37,76.15,75.49,75.44,75.03,74.96,75.26,75.20,75.44,74.97
2021-8-20 0:34:41,74.08,73.60,73.00,72.59,72.61,72.87,72.73,72.72,72.33,71.63,71.06,70.66,70.55,70.08,70.43,70.12,70.10,70.29,70.56,70.84
2021-8-20 0:34:42,70.59,70.84,69.98,69.73,69.39,69.04,69.37,68.93,68.23,67.73,67.64,67.42,67.93,67.84,67.50,67.24,67.01,67.18,66.97,66.89
2021-8-20 0:34:43,67.66,67.82,68.12,68.05,66.75,66.40,66.06,65.84,66.04,65.93,65.66,66.23,66.36,65.93,65.99,65.79,65.94,66.23,66.46,66.62
2021-8-20 0:34:44,66.46,66.71,66.63,66.54,66.66,66.59,67.21,67.63,68.28,68.90,68.55,68.55,68.52,67.72,67.37,67.66,67.46,67.98,68.23,67.85
2021-8-20 0:34:45,67.60,67.85,68.16,68.72,68.93,68.64,68.33,67.71,67.59,68.03,68.18,68.56,68.78,68.51,68.62,68.45,68.81,68.97,69.03,69.58
2021-8-20 0:34:46,69.49,69.49,69.58,69.34,69.39,69.93,69.96,70.42,70.21,69.90,69.91,69.94,69.91,69.88,69.64,69.60,70.40,71.11,71.82,72.02
2021-8-20 0:34:47,72.19,72.00,72.08,71.92,71.60,71.34,71.39,71.30,71.33,71.06,70.18,69.33,68.15,67.18,66.85,66.79,66.05,66.31,65.83,65.66
2021-8-20 0:34:48,65.68,65.13,65.14,64.58,64.46,64.15,64.18,64.44,64.70,64.96,65.24,65.03,65.19,65.41,65.19,65.37,64.90,64.26,63.83,63.57,63.71
2021-8-20 0:34:49,63.70,63.31,63.24,63.86,64.37,65.24,65.70,65.38,65.68,65.44,65.01,65.04,64.50,64.51,64.69,64.47,64.76,65.57,66.02,66.59
2021-8-20 0:34:50,66.84,65.99,65.87,65.79,66.21,66.60,66.82,66.30,65.52,65.84,65.69,66.14,66.56,66.13,66.22,65.94,66.07,66.23,65.92,66.07
2021-8-20 0:34:51,65.52,65.37,65.10,65.04,64.92,64.72,64.77,64.36,64.18,64.07,63.73,64.02,63.58,63.35,63.34,63.30,63.66,63.68,63.06,62.59
2021-8-20 0:34:52,62.82,62.89,63.62,63.88,63.33,63.22,63.43,63.68,63.78,63.82,63.33,63.05,63.06,63.12,63.45,63.37,63.38,63.23,62.68,63.26
2021-8-20 0:34:53,64.01,64.31,65.00,64.60,64.23,63.62,62.99,62.43,62.04,62.02,62.54,63.20,63.08,63.50,63.45,63.63,64.13,64.32,64.70,64.60
2021-8-20 0:34:54,64.85,65.62,65.45,65.28,65.08,64.15,64.45,64.30,64.19,64.93,64.44,64.80,65.01,64.73,64.68,64.47,64.38,64.65,64.90,65.00
2021-8-20 0:34:55,65.46,65.55,65.73,65.82,65.27,65.04,65.11,65.50,65.97,65.94,66.06,65.93,66.35,66.65,66.42,66.83,66.94,67.23,68.22,68.46
2021-8-20 0:34:56,69.16,69.72,70.01,70.43,70.86,72.07,72.66,73.51,73.33,72.65,72.99,73.14,73.52,74.04,73.64,73.29,73.00,72.14,71.68,70.99
2021-8-20 0:34:57,70.24,69.95,69.22,68.72,67.97,67.12,66.60,66.23,65.79,65.38,64.93,63.93,64.41,64.22,64.55,64.46,63.82,64.16,63.73,64.20,64.36
2021-8-20 0:34:58,64.54,65.04,65.39,65.70,65.77,65.96,65.69,65.39,64.80,64.69,64.49,65.19,65.52,64.67,65.35,64.41,64.04,64.76,64.34,64.11
2021-8-20 0:34:59,64.54,64.13,63.94,64.69,64.52,64.81,64.89,64.49,64.12,64.08,64.17,63.65,63.63,62.99,62.45,62.49,62.25,62.21,62.24,61.59
2021-8-20 0:35:0,61.39,61.37,60.47,60.95,60.94,60.35,60.95,60.59,60.03,59.69,59.38,59.47,58.99,59.45,59.57,59.37,60.33,59.77,59.25,59.15
2021-8-20 0:35:1,58.64,59.08,59.15,59.17,59.07,58.89,59.13,59.33,59.15,59.16,58.95,58.87,58.97,58.99,59.00,59.18,59.52,59.45,59.84,59.97
2021-8-20 0:35:2,60.42,60.72,61.03,61.04,61.21,61.84,61.97,62.34,62.07,62.34,63.03,63.32,63.95,64.14,64.09,64.46,64.64,64.63,65.14,65.12
2021-8-20 0:35:3,64.94,64.96,64.58,64.40,64.48,64.19,63.83,63.77,63.63,63.44,63.31,62.95,63.14,63.47,63.53,63.69,63.45,63.39,63.29,63.77
2021-8-20 0:35:4,63.87,63.72,64.28,64.03,64.04,64.20,64.23,63.92,63.96,63.81,63.66,64.17,64.08,64.58,64.56,64.90,65.47,65.35,65.83,65.71
2021-8-20 0:35:5,65.80,66.52,66.42,67.05,67.49,67.57,68.32,68.45,68.68,68.87,68.49,68.81,68.97,69.09,69.32,68.77,68.23,68.01,67.58,67.47
2021-8-20 0:35:6,67.09,66.36,65.83,65.41,64.70,64.97,64.64,65.04,65.21,65.61,66.35,65.96,66.20,65.53,65.09,64.83,65.19,64.78,64.53,64.86
2021-8-20 0:35:7,64.32,64.28,64.05,63.45,62.91,62.62,62.44,61.90,62.13,62.11,62.50,62.42,62.02,62.23,61.59,61.50,62.61,62.36,62.46,62.05
2021-8-20 0:35:8,61.40,61.50,61.87,62.75,62.52,62.22,61.97,62.22,62.51,62.46,62.15,61.73,61.76,62.23,62.81,63.30,63.42,63.51,63.83,64.16
2021-8-20 0:35:9,64.29,64.63,64.62,64.41,64.74,64.81,64.64,64.96,64.58,64.35,64.34,63.64,63.28,63.15,62.91,62.88,63.15,62.94,62.79,62.80
2021-8-20 0:35:10,62.53,62.66,63.33,63.35,63.81,63.77,63.52,64.02,63.99,63.73,64.04,63.72,63.50,63.72,63.24,63.19,62.90,62.61,62.61,62.23
2021-8-20 0:35:11,62.92,63.45,63.26,63.53,63.11,62.55,62.36,61.70,61.61,61.70,62.32,62.93,62.55,62.65,62.43,62.12,62.29,62.00,61.94,61.98
2021-8-20 0:35:12,61.87,62.03,62.07,62.14,62.19,62.31,62.10,62.06,62.40,62.92,62.75,62.80,62.72,62.56,62.50,62.76,62.61,62.47,62.42,62.21
2021-8-20 0:35:13,62.22,62.44,62.58,63.24,63.44,63.24,63.22,62.72,62.77,62.96,63.50,63.35,63.42,62.91,62.97,63.74,64.32,65.17,65.50,65.05
2021-8-20 0:35:14,65.02,64.74,64.21,64.57,64.38,64.55,65.00,65.04,65.93,66.25,67.44,68.17,67.64,67.87,66.89,66.51,67.28,67.00,67.65,67.53
2021-8-20 0:35:15,66.55,66.85,66.62,67.66,68.30,68.76,69.13,68.60,68.90,69.35,69.77,70.27,70.75,70.16,70.06,69.93,69.88,70.47,71.06,71.56
2021-8-20 0:35:16,72.25,72.34,72.06,72.32,72.01,72.29,72.16,72.03,71.79,71.47,71.00,70.10,69.62,69.06,69.37,70.53,70.84,71.58,71.99,71.70
2021-8-20 0:35:17,71.66,71.54,71.06,70.42,70.68,70.52,70.41,71.02,71.03,70.87,70.50,69.98,69.47,69.88,70.57,70.90,70.81,69.44,68.30,68.19
2021-8-20 0:35:18,68.46,68.94,68.98,68.01,67.12,66.63,66.81,66.60,66.36,66.67,66.70,66.92,66.51,66.63,66.10,65.93,66.23,65.86,65.78,65.63
2021-8-20 0:35:19,65.47,64.83,65.00,64.98,65.30,65.89,66.04,66.18,66.20,65.81,65.33,64.82,64.19,64.58,64.74,65.21,65.73,65.96,65.84,65.30
2021-8-20 0:35:20,65.25,64.46,64.88,65.32,64.76,64.81,65.08,65.25,66.19,66.24,65.40,65.33,65.10,65.01,65.26,65.23,64.84,64.83,64.78,64.45
2021-8-20 0:35:21,64.58,65.28,65.22,64.88,64.61,63.93,63.96,64.36,64.52,65.13,65.30,66.13,65.74,64.87,64.41,63.05,63.38,63.74,64.34,64.68
2021-8-20 0:35:22,64.86,65.05,64.89,65.31,65.59,65.34,65.01,64.81,64.29,64.48,64.46,64.04,63.45,63.72,63.84,64.18,65.30,65.10,65.61,65.74,65.34
2021-8-20 0:35:23,64.66,64.35,64.60,64.07,64.69,64.55,64.22,64.98,65.12,65.30,64.94,64.22,63.92,63.82,64.04,64.15,64.39,64.17,64.00,64.18
2021-8-20 0:35:24,64.55,64.88,65.42,65.35,64.83,64.48,64.40,64.37,64.40,64.44,64.25,64.74,64.26,64.32,63.89,63.46,63.97,63.93,64.90,64.88
2021-8-20 0:35:25,63.85,63.86,63.38,63.31,64.64,64.30,64.10,64.39,63.82,63.40,63.12,62.83,62.84,64.07,64.21,63.87,63.39,62.38,62.27,63.05
2021-8-20 0:35:26,63.83,64.45,64.89,64.57,64.06,63.94,63.67,63.56,63.41,63.88,64.28,64.59,64.46,63.99,63.38,62.76,62.73,62.74,62.88,63.25
2021-8-20 0:35:27,63.58,62.99,62.71,62.35,62.53,63.13,63.81,63.93,63.78,64.24,63.94,64.14,64.87,64.54,64.41,64.37,63.38,63.65,64.00,64.10
2021-8-20 0:35:28,65.01,64.72,64.46,64.53,64.28,63.69,62.88,62.31,61.70,61.50,62.60,62.55,62.65,63.30,62.29,61.97,61.87,61.14,61.52,62.17,62.25
2021-8-20 0:35:29,62.47,62.18,61.93,62.07,61.99,62.42,61.91,61.28,61.13,61.06,61.81,62.68,63.20,62.71,62.16,61.09,60.96,60.97,61.32,62.21
2021-8-20 0:35:30,61.88,62.54,62.90,62.55,62.59,61.84,61.48,61.41,61.46,61.88,61.49,60.84,60.94,61.03,61.42,62.54,62.54,62.22,62.31,61.59
2021-8-20 0:35:31,61.26,61.40,60.52,60.52,61.28,61.37,61.77,62.48,62.01,62.13,62.44,61.68,62.10,61.37,61.04,61.16,60.61,61.68,61.56,62.11
2021-8-20 0:35:32,62.11,61.66,62.38,62.02,62.61,63.20,63.00,63.14,62.86,62.37,62.54,62.75,63.22,63.51,63.77,63.27,62.78,62.63,62.97,63.33,63.73
2021-8-20 0:35:33,63.67,63.57,64.01,64.24,64.50,64.71,64.91,64.99,65.58,65.21,65.02,65.10,64.52,64.27,64.66,64.34,64.61,64.90,64.75,65.62
2021-8-20 0:35:34,65.84,66.63,67.03,66.83,67.62,67.36,67.66,68.21,67.61,68.36,68.27,68.52,69.52,69.37,69.98,69.67,69.39,69.45,69.09,69.55
2021-8-20 0:35:35,70.10,71.01,71.92,72.66,73.19,72.93,73.10,72.94,72.54,72.92,72.71,72.00,71.73,71.67,72.03,72.62,73.19,73.59,73.31,72.71
2021-8-20 0:35:36,72.89,72.63,72.35,72.48,71.94,71.82,71.54,71.40,70.62,69.27,68.42,67.33,67.04,66.94,67.12,68.27,68.54,68.66,69.06,68.67,68.43
2021-8-20 0:35:37,68.50,67.97,67.67,67.79,67.80,67.19,66.60,66.16,65.62,65.92,65.96,65.75,65.73,65.76,65.63,65.91,66.09,66.06,66.86,67.01
2021-8-20 0:35:38,67.17,67.37,67.54,67.64,67.75,68.03,67.40,67.26,66.36,65.91,65.88,66.03,66.91,67.05,67.32,67.30,66.99,66.92,66.72,66.81
2021-8-20 0:35:39,67.00,67.21,67.36,67.50,67.73,67.96,67.63,67.21,67.24,67.18,67.89,68.21,68.54,68.77,69.02,69.58,70.33,70.85,71.03,71.82,71.58
2021-8-20 0:35:40,71.43,71.82,71.28,71.65,72.26,72.86,73.47,73.80,73.95,74.13,74.52,74.90,75.37,75.63,75.71,76.18,76.12,75.35,75.20,73.72
2021-8-20 0:35:41,73.13,73.02,71.83,71.12,70.08,69.19,68.52,67.60,67.05,66.66,66.39,66.51,66.34,65.77,65.47,65.49,65.46,65.56,65.01,64.59
2021-8-20 0:35:42,64.07,63.43,63.88,63.81,63.59,64.39,64.24,64.44,64.56,63.98,64.32,64.62,65.32,65.84,65.71,66.09,66.18,66.04,66.64,67.19
2021-8-20 0:35:43,67.59,68.63,69.16,68.83,68.92,68.56,67.98,68.04,68.51,68.57,68.61,68.28,67.94,68.12,68.21,68.93,68.69,68.16,68.76,68.60
2021-8-20 0:35:44,69.06,69.84,70.03,69.71,69.16,68.37,67.59,68.15,68.17,68.62,68.47,67.47,67.35,66.57,66.03,65.83,65.68,65.52,65.44,65.08
2021-8-20 0:35:45,64.66,64.49,64.85,64.46,64.03,63.87,63.00,63.10,63.15,62.85,63.02,62.68,63.05,62.99,62.28,62.74,62.32,62.36,62.69,62.07,62.00
2021-8-20 0:35:46,61.80,61.92,61.93,61.91,62.04,62.11,62.27,62.46,62.45,62.28,62.77,62.74,62.66,62.48,62.37,62.39,63.06,63.21,62.48,62.51
2021-8-20 0:35:47,62.31,62.02,62.73,62.45,62.58,63.41,63.51,63.99,63.78,63.27,63.25,62.79,62.82,63.39,63.78,64.69,64.89,65.35,65.17,65.71
2021-8-20 0:35:48,66.47,66.91,67.44,67.18,67.40,67.42,67.43,67.40,67.50,67.71,68.17,68.65,68.44,68.11,68.04,68.11,68.56,68.69,68.53,68.08,67.98
2021-8-20 0:35:49,68.11,68.67,68.76,68.01,67.80,67.57,68.00,69.08,69.69,69.79,70.18,69.94,70.07,70.44,70.43,70.70,70.60,70.80,70.52,71.10
2021-8-20 0:35:50,71.10,71.43,71.95,71.73,72.88,72.50,72.63,73.23,73.54,74.25,75.82,75.98,75.56,75.55,74.90,75.25,76.06,77.41,77.55,77.34
2021-8-20 0:35:51,77.26,76.81,76.00,75.49,74.34,73.15,72.36,71.44,70.63,69.75,69.98,69.98,69.81,69.46,68.53,67.95,67.28,66.53,65.88,65.19
2021-8-20 0:35:52,64.61,63.97,63.19,62.84,62.73,62.91,62.98,62.97,62.70,62.85,63.11,63.19,63.48,63.01,62.50,62.53,62.27,62.08,62.16,62.05
2021-8-20 0:35:53,62.11,62.48,62.27,61.84,61.54,61.22,61.47,61.31,61.68,61.87,61.82,61.83,61.81,61.62,61.95,62.53,62.14,62.03,61.54,61.52
2021-8-20 0:35:54,61.57,61.27,61.54,61.06,61.37,61.43,61.25,61.16,60.45,60.80,60.67,60.61,60.93,60.61,60.97,61.12,61.24,61.91,61.77,61.44
2021-8-20 0:35:55,61.25,61.21,61.76,62.52,62.91,63.32,62.96,62.60,62.51,62.13,62.26,62.25,62.12,61.57,61.13,60.96,60.74,60.54,60.50,60.16
2021-8-20 0:35:56,59.64,59.95,59.83,60.42,61.35,61.29,60.61,60.20,59.52,59.18,59.53,59.15,58.84,59.44,59.84,60.07,60.14,59.59,59.47,59.74
2021-8-20 0:35:57,59.66,59.48,59.26,59.05,59.11,59.29,59.32,58.78,58.86,58.74,58.42,58.46,58.75,58.38,58.33,58.11,58.45,58.59,58.83,59.61
2021-8-20 0:35:58,58.97,58.66,58.37,58.06,57.82,58.18,58.11,57.94,57.63,57.45,57.83,58.14,58.48,58.40,57.91,57.78,57.33,58.00,58.23,58.56
2021-8-20 0:35:59,59.18,58.89,59.25,58.72,58.55,58.27,57.99,58.13,58.18,58.85,58.93,59.22,59.35,59.04,59.25,58.99,58.72,58.58,58.78,59.41
2021-8-20 0:36:0,59.90,60.40,60.50,60.07,60.24,60.12,60.09,60.44,60.50,60.42,60.36,60.20,60.00,60.34,60.45,60.02,60.20,59.93,59.99,60.77
2021-8-20 0:36:1,60.55,60.62,60.71,60.24,60.62,60.47,60.42,60.75,60.86,61.34,61.12,61.82,61.60,61.69,61.36,60.83,61.14,61.13,61.85,61.78,61.68
2021-8-20 0:36:2,61.39,61.70,61.85,61.46,61.75,61.56,61.67,62.36,62.28,62.96,63.01,63.21,63.68,63.12,63.49,63.71,63.51,63.62,63.16,62.96
2021-8-20 0:36:3,62.83,62.96,63.12,62.44,61.87,60.87,60.16,60.21,60.69,60.56,60.50,60.77,60.68,61.00,61.02,59.98,59.59,59.39,59.54,60.26,60.45
2021-8-20 0:36:5,60.94,60.95,60.88,60.99,60.88,61.23,61.57,61.50,61.48,61.46,61.13,61.38,61.65,61.48,61.34,60.98,60.57,60.20,60.60,60.89
2021-8-20 0:36:6,61.36,61.71,61.61,61.67,61.21,61.55,61.18,61.08,61.11,60.89,61.34,61.68,61.91,62.30,62.49,62.78,63.30,63.89,64.23,63.83
2021-8-20 0:36:7,63.33,62.87,62.81,62.85,63.69,63.61,63.15,63.71,63.65,64.23,65.22,65.38,65.86,66.05,66.01,66.42,66.29,66.19,66.29,65.95
2021-8-20 0:36:8,65.77,65.80,66.05,66.37,66.13,65.88,65.02,64.58,64.10,63.52,63.15,61.70,61.60,60.63,60.08,60.28,59.47,59.82,59.78,59.32
2021-8-20 0:36:9,59.62,59.70,59.71,59.84,59.90,59.70,59.97,60.59,60.90,60.72,60.63,60.39,60.16,60.08,60.08,59.73,59.24,58.83,58.39,58.15
2021-8-20 0:36:10,58.08,58.62,59.19,59.60,59.89,59.98,59.63,59.64,59.56,59.46,59.67,59.33,59.61,59.40,59.15,59.18,59.38,59.48,59.14,59.20,59.41
2021-8-20 0:36:11,59.60,60.18,60.81,60.54,60.59,60.28,60.20,60.53,61.14,61.88,62.18,62.17,62.27,62.78,63.31,63.79,64.31,64.32,64.36,64.50
2021-8-20 0:36:12,64.21,64.32,64.72,65.13,66.05,66.63,66.44,66.38,65.53,64.38,64.20,63.67,63.28,63.19,62.43,61.80,61.73,61.96,62.08,61.70
2021-8-20 0:36:13,61.26,61.13,61.27,62.25,62.40,61.97,61.95,61.81,62.03,62.71,62.60,62.55,62.16,61.38,61.04,60.65,60.90,61.25,61.64,61.34
2021-8-20 0:36:14,61.03,60.54,59.85,59.33,58.85,58.56,58.28,58.44,59.31,59.69,59.86,59.69,59.17,58.98,58.83,58.49,58.26,57.91,57.75,58.02
2021-8-20 0:36:15,58.40,58.35,58.75,59.62,59.60,60.22,60.69,60.22,60.39,60.20,59.58,59.35,59.06,59.36,59.14,58.71,58.29,58.14,58.11,58.50
2021-8-20 0:36:16,58.48,58.03,57.80,57.35,57.84,57.88,58.27,58.48,57.60,57.54,57.18,57.66,58.44,58.32,58.58,58.77,59.25,59.85,60.40,60.47
2021-8-20 0:36:17,59.72,59.65,59.90,60.19,61.10,61.69,61.75,62.05,62.45,62.99,63.04,63.16,63.74,64.24,65.18,66.31,66.57,66.49,66.87,66.41
2021-8-20 0:36:18,66.10,66.40,66.43,66.35,66.66,66.81,67.13,67.21,66.71,66.22,65.05,64.44,63.92,62.82,62.54,62.43,61.75,61.73,61.25,61.21
2021-8-20 0:36:19,60.96,60.87,61.02,60.95,61.57,61.51,62.51,62.40,62.70,62.92,61.77,61.54,61.36,60.69,60.21,59.32,58.99,59.36,59.37,59.37
2021-8-20 0:36:20,59.12,58.91,58.83,59.31,58.94,58.37,58.36,58.32,58.70,59.83,59.67,59.11,59.23,58.56,58.79,59.07,59.07,58.74,58.17,58.54
2021-8-20 0:36:21,58.37,59.27,59.95,59.23,58.94,58.29,58.51,58.91,58.79,58.47,58.32,58.29,58.46,58.43,57.95,57.97,58.05,57.69,58.25,58.49
2021-8-20 0:36:22,57.80,58.61,58.00,57.48,58.32,58.51,58.68,58.05,57.46,56.80,57.30,57.92,57.97,57.76,56.88,57.21,56.94,57.81,58.08,57.58
2021-8-20 0:36:23,57.63,57.52,57.45,57.80,57.74,58.06,58.35,58.23,58.77,57.45,57.14,57.22,57.23,57.65,57.83,57.87,57.60,57.37,56.96,56.81
2021-8-20 0:36:24,56.52,56.84,57.33,57.30,57.17,56.96,56.90,56.76,56.98,57.35,56.97,56.87,57.35,57.28,57.42,58.19,58.04,57.80,57.72,56.92
2021-8-20 0:36:25,56.88,56.31,56.08,56.32,56.12,56.90,57.79,57.83,57.81,57.68,57.27,57.15,56.90,56.70,56.45,56.71,56.85,56.86,56.98,56.98
2021-8-20 0:36:26,56.84,56.84,57.10,56.95,56.92,57.02,56.89,56.88,57.57,58.46,58.66,57.98,57.89,56.97,56.00,56.43,56.19,56.29,57.31,57.81
2021-8-20 0:36:27,58.49,58.02,57.04,57.29,56.72,57.30,58.18,57.50,57.67,57.58,57.96,57.93,57.92,58.00,57.03,57.58,57.26,57.76,58.05,57.57,57.58
2021-8-20 0:36:28,56.83,56.96,56.62,56.94,57.59,57.36,57.96,57.51,57.24,57.47,57.16,57.50,56.94,56.90,57.17,57.34,58.15,58.18,58.22,58.32,59.26
2021-8-20 0:36:29,60.76,62.60,63.33,62.19,60.92,59.01,58.86,58.58,58.88,58.95,58.46,58.71,57.96,57.75,57.56,57.16,57.56,57.82,57.78,58.10
2021-8-20 0:36:30,58.35,57.94,57.55,57.22,56.56,56.66,57.36,57.62,57.35,57.89,57.15,57.16,57.94,58.23,58.13,58.06,57.89,57.21,57.61,57.74,57.79
2021-8-20 0:36:31,57.82,57.71,57.89,57.88,58.03,58.13,57.94,57.67,57.17,57.20,56.79,57.01,57.27,57.36,57.81,57.56,57.46,57.16,57.36,57.31
2021-8-20 0:36:32,57.31,57.12,56.85,56.93,56.95,57.26,56.98,56.86,57.11,57.14,56.94,57.26,57.36,57.74,57.78,58.24,57.94,57.38,57.69,56.91
2021-8-20 0:36:33,56.70,57.24,56.74,57.55,57.43,57.34,58.68,58.20,58.32,58.22,57.55,57.42,57.68,57.55,57.13,57.46,58.12,58.17,58.55,59.06
2021-8-20 0:36:34,58.62,58.93,59.23,59.03,58.92,58.86,58.89,58.30,58.42,58.92,58.84,59.21,59.78,59.01,58.79,58.82,58.79,58.86,59.21,58.78
2021-8-20 0:36:35,58.42,58.95,59.08,59.59,59.36,58.94,59.05,58.85,58.83,59.04,58.94,58.78,59.38,59.10,58.62,59.41,58.79,58.80,58.76,58.08
2021-8-20 0:36:36,58.12,57.74,57.91,57.47,57.24,57.53,56.94,57.24,57.09,57.03,57.64,57.77,57.68,58.08,57.87,57.52,58.12,58.07,58.50,59.03,58.51
2021-8-20 0:36:37,58.40,58.10,57.76,58.19,58.02,58.46,58.43,58.03,58.24,57.84,58.26,58.45,58.28,58.11,58.41,58.45,58.66,58.92,59.12,58.73
2021-8-20 0:36:38,58.65,58.74,58.31,58.36,57.63,56.95,56.55,56.82,57.29,57.48,57.37,57.57,58.14,58.36,58.45,58.33,57.71,57.81,57.70,58.28,57.94
2021-8-20 0:36:39,57.33,57.48,57.00,57.47,57.76,57.81,57.86,57.53,57.43,57.52,57.82,58.00,58.46,58.58,58.67,58.67,58.67,58.65,58.48,58.30
2021-8-20 0:36:40,58.09,58.09,58.00,57.83,58.05,57.89,57.56,57.43,56.86,57.10,57.49,57.96,58.57,58.24,58.21,58.36,58.18,58.37,58.23,58.31
2021-8-20 0:36:41,58.18,58.17,58.23,58.44,59.07,59.02,58.73,58.19,57.99,58.41,58.79,58.56,58.28,57.41,56.79,56.89,57.31,57.49,57.62,57.88
2021-8-20 0:36:42,58.01,57.64,58.16,58.04,58.00,57.94,57.63,57.94,58.08,58.20,58.07,58.31,57.18,57.39,57.16,57.29,58.19,58.10,57.99,57.47
2021-8-20 0:36:43,56.92,57.06,57.60,56.99,56.98,57.12,57.12,57.80,57.84,57.94,57.64,57.33,57.35,57.53,57.45,57.64,58.27,57.77,57.89,58.53
2021-8-20 0:36:44,58.14,58.33,58.45,57.87,57.80,57.43,57.44,58.01,57.95,57.85,58.27,57.60,57.43,57.87,57.68,57.63,57.46,57.25,57.49,57.53
2021-8-20 0:36:45,57.55,58.07,57.89,57.64,57.60,57.66,57.00,56.92,57.08,57.14,57.32,57.79,57.64,57.27,57.39,56.94,56.93,56.28,56.52,56.79
2021-8-20 0:36:46,57.55,57.46,57.16,57.19,56.77,57.33,57.29,57.63,56.87,56.50,56.69,56.76,57.21,57.15,57.28,57.54,57.10,57.45,57.74,56.92
2021-8-20 0:36:47,57.28,57.70,57.52,57.40,57.52,57.89,56.74,56.91,56.66,56.06,56.03,56.00,57.05,56.72,57.31,57.31,56.68,56.79,56.57,57.13
2021-8-20 0:36:48,57.17,57.33,57.89,57.41,57.05,56.97,56.65,56.34,56.68,56.71,57.13,57.26,56.97,57.12,56.96,56.73,56.85,57.09,56.98,57.44
2021-8-20 0:36:49,57.05,57.12,57.00,56.29,56.67,56.10,55.78,56.47,56.40,56.31,56.45,57.02,57.19,57.27,57.72,57.33,56.75,56.81,56.62,56.22
2021-8-20 0:36:50,56.71,56.38,56.84,57.01,56.98,57.50,57.09,56.76,56.84,57.13,56.97,57.13,57.42,56.65,56.71,57.01,56.60,56.66,56.47,56.91,56.59
2021-8-20 0:36:51,56.55,56.76,56.43,56.56,56.33,56.43,55.81,55.78,56.26,56.57,56.96,56.70,56.58,56.41,56.46,56.60,57.07,56.82,56.18,56.88
2021-8-20 0:36:52,56.44,56.55,56.94,56.43,56.19,56.31,56.97,56.93,57.38,57.44,56.92,57.00,56.81,56.48,56.11,55.57,55.81,55.79,55.96,56.68
2021-8-20 0:36:53,56.48,56.63,56.52,56.90,56.44,56.39,56.90,56.50,56.95,56.48,56.19,55.85,55.99,56.80,56.40,56.41,56.10,55.49,55.81,56.13
2021-8-20 0:36:54,56.27,56.54,56.33,56.26,55.97,55.62,56.21,57.01,57.08,57.00,57.23,56.21,56.19,56.60,56.46,56.32,56.58,56.90,56.18,56.11
2021-8-20 0:36:55,56.53,55.92,56.23,56.37,56.62,56.56,57.02,56.68,55.95,56.52,55.84,56.82,56.41,56.27,57.17,56.91,57.08,56.91,56.85,56.22
2021-8-20 0:36:56,56.56,56.40,55.96,56.49,56.14,56.80,56.43,55.85,56.47,55.85,56.15,56.77,56.81,57.02,57.04,57.45,56.99,57.77,58.23,58.01,57.82
2021-8-20 0:36:57,57.27,57.29,56.97,57.91,58.47,57.99,58.07,58.23,57.40,57.67,57.89,57.51,57.56,56.95,57.37,56.38,56.51,56.81,56.03,56.32
2021-8-20 0:36:58,56.03,56.40,56.35,56.31,56.52,55.99,56.18,56.50,56.15,55.76,55.71,55.64,55.59,56.03,55.96,55.90,55.64,55.71,55.34,55.25
2021-8-20 0:36:59,55.77,55.99,56.32,56.99,57.00,56.79,56.55,56.10,56.67,56.24,56.39,56.67,55.77,56.84,57.26,57.14,57.32,56.69,57.00,56.72
2021-8-20 0:37:0,56.68,57.15,56.39,55.80,55.95,56.00,56.21,56.93,57.25,56.92,57.08,57.62,57.45,57.46,57.55,56.93,57.21,57.33,57.48,57.39
2021-8-20 0:37:1,56.98,57.18,56.76,56.93,57.27,57.24,57.46,57.85,58.72,58.95,58.88,59.05,58.44,57.71,57.92,57.33,56.58,56.59,56.45,56.48,56.63
2021-8-20 0:37:2,57.20,57.27,58.42,58.67,58.04,58.49,57.83,57.47,57.55,57.72,57.42,57.44,57.67,57.54,57.12,57.58,57.81,57.47,57.63,57.56
2021-8-20 0:37:3,57.89,58.21,58.49,58.81,58.34,58.24,58.56,58.46,58.53,58.73,58.96,58.40,58.24,58.03,58.62,58.73,59.17,59.04,58.86,59.78
2021-8-20 0:37:4,59.94,59.83,59.53,60.52,59.83,59.92,59.91,60.12,60.17,59.97,60.32,59.16,60.47,60.82,59.86,59.66,60.41,59.88,59.82,59.44
2021-8-20 0:37:5,58.47,60.50,60.61,60.88,60.30,59.22,60.85,60.43,60.30,59.78,59.31,61.44,61.42,61.72,60.57,58.66,59.51,60.42,60.45,60.25
2021-8-20 0:37:6,59.59,58.20,59.42,60.89,61.40,61.52,60.38,59.18,59.08,60.52,61.06,61.08,60.72,59.51,59.80,60.94,60.76,60.54,60.16,59.53
2021-8-20 0:37:7,61.03,61.68,61.39,60.87,59.69,59.54,60.21,61.77,61.62,61.74,61.13,59.52,59.81,60.73,62.79,64.31,64.87,65.42,64.98,65.46
2021-8-20 0:37:8,66.61,67.19,68.54,68.64,69.04,69.19,68.53,69.46,70.38,71.05,71.71,72.24,73.10,73.21,73.72,73.63,73.03,72.94,73.14,73.73
2021-8-20 0:37:9,74.00,74.63,74.97,75.00,75.09,74.91,74.83,74.81,74.50,74.04,73.79,73.73,74.22,75.11,75.86,76.15,76.37,76.48,76.43,76.37
2021-8-20 0:37:10,75.55,74.66,73.59,72.82,72.53,72.92,73.32,73.12,72.81,71.68,71.29,71.25,71.23,70.70,70.25,69.25,68.49,68.42,68.01,68.04
2021-8-20 0:37:11,68.03,68.13,67.38,67.52,67.55,67.28,67.28,67.37,67.46,67.40,67.41,66.99,66.94,67.34,67.71,68.00,67.89,67.82,67.87,67.31
2021-8-20 0:37:12,67.33,67.21,67.17,67.61,66.83,66.70,66.48,66.31,67.02,66.62,66.04,65.85,65.47,65.54,66.05,65.99,65.66,65.76,66.48,66.51
2021-8-20 0:37:13,67.03,67.23,66.66,66.94,66.67,66.37,66.26,65.89,66.11,65.98,66.14,66.58,66.49,67.23,67.39,67.14,67.54,67.75,67.79,68.46
2021-8-20 0:37:14,68.74,68.38,69.23,69.32,69.70,69.53,68.85,69.00,68.23,68.34,67.95,67.01,67.14,66.48,66.09,65.91,65.56,65.49,65.42,64.69
2021-8-20 0:37:15,64.38,64.81,64.71,65.56,65.45,65.52,65.99,66.30,66.29,66.33,66.26,66.21,66.99,67.19,67.18,67.28,66.60,66.22,66.13,65.96
2021-8-20 0:37:16,66.65,67.42,68.04,67.89,67.65,67.23,67.06,67.23,66.89,67.14,66.75,66.42,66.32,65.53,65.18,64.84,64.94,65.14,65.46,65.43
2021-8-20 0:37:17,65.59,65.21,65.13,65.00,65.17,65.53,65.62,66.61,66.37,66.34,66.29,65.84,66.30,66.25,65.79,65.75,65.04,65.50,65.62,65.89
2021-8-20 0:37:18,65.70,65.89,66.54,66.36,67.04,66.73,66.83,66.96,67.02,67.15,66.99,67.47,67.26,66.92,66.77,66.28,66.37,66.42,66.37,65.98
2021-8-20 0:37:19,65.93,65.60,65.19,65.70,64.92,65.34,65.83,65.67,66.08,65.91,66.08,65.89,66.19,66.82,67.01,67.87,68.81,68.79,69.70,69.86
2021-8-20 0:37:20,69.45,69.78,69.25,69.26,69.91,69.90,69.77,69.44,68.83,68.56,68.55,68.65,68.82,68.24,67.77,67.79,67.71,67.96,68.13,68.11
2021-8-20 0:37:21,67.81,68.18,68.04,67.97,68.55,68.64,69.68,70.21,70.39,70.86,70.65,70.58,71.13,71.35,71.12,71.59,71.17,71.02,71.81,72.16
2021-8-20 0:37:22,72.99,74.03,74.48,75.36,75.39,75.87,76.47,76.71,78.10,78.62,80.01,80.72,81.13,81.68,80.69,80.59,79.16,77.92,77.31,76.38
2021-8-20 0:37:23,76.35,75.91,75.23,74.57,73.76,73.22,72.61,71.42,70.43,69.71,69.51,70.67,71.22,71.52,72.04,71.91,72.29,72.68,72.29,71.91
2021-8-20 0:37:24,72.14,72.06,72.34,72.71,72.60,71.93,72.64,72.55,72.48,73.39,72.59,72.12,71.85,72.23,72.53,73.18,73.71,72.92,73.71,73.99
2021-8-20 0:37:25,73.89,74.26,73.71,73.57,73.76,74.12,74.53,74.94,74.98,75.36,75.43,75.20,75.29,75.50,75.48,75.80,76.24,75.76,75.49,75.55,75.32
2021-8-20 0:37:26,75.10,75.69,75.43,75.48,75.61,74.76,74.53,73.85,73.97,73.87,73.99,73.73,73.61,73.54,73.30,73.56,72.66,72.30,71.91,72.07
2021-8-20 0:37:27,73.12,73.35,73.39,72.73,72.20,71.74,71.28,71.56,71.55,71.28,71.43,71.51,71.44,71.79,72.19,72.05,71.74,71.64,71.80,71.86
2021-8-20 0:37:28,72.29,72.96,72.24,71.88,71.43,71.21,71.11,71.21,71.58,71.41,71.65,71.95,71.86,72.09,72.66,72.26,71.61,71.57,71.03,72.10
2021-8-20 0:37:29,72.70,73.15,73.38,72.88,72.85,72.63,72.47,72.09,72.25,72.08,71.96,72.17,71.88,71.44,71.97,71.87,71.67,71.25,70.22,69.86
2021-8-20 0:37:30,69.46,69.31,69.14,68.95,68.63,68.96,69.13,68.50,68.75,67.90,67.93,67.94,67.54,67.41,66.33,65.93,66.15,66.51,66.97,67.19,66.94
2021-8-20 0:37:31,67.03,66.71,66.81,66.54,65.91,65.87,65.67,65.46,65.21,64.59,64.35,64.31,64.35,64.47,64.06,63.97,63.68,64.32,64.84,64.90
2021-8-20 0:37:32,65.55,64.74,63.88,63.72,63.44,63.54,63.77,63.91,63.79,63.71,64.03,63.38,62.88,62.73,62.77,63.10,63.19,63.26,62.84,62.90
2021-8-20 0:37:33,63.39,63.23,63.11,62.66,62.49,62.80,63.59,64.19,64.03,64.34,64.24,64.06,64.38,64.40,64.25,64.86,65.21,65.31,65.39,65.23
2021-8-20 0:37:34,64.88,64.89,65.07,65.10,65.22,65.75,65.92,66.09,66.56,65.85,65.93,65.72,65.63,65.98,66.35,67.02,66.74,66.96,66.44,66.51
2021-8-20 0:37:35,67.25,67.21,67.76,67.43,66.76,66.70,65.84,65.75,65.48,65.06,65.17,64.28,63.96,63.60,63.37,63.08,63.12,63.21,62.85,62.81
2021-8-20 0:37:36,61.94,61.66,61.38,61.35,61.68,61.22,61.11,61.03,61.01,61.21,60.90,60.73,60.76,60.87,61.30,61.34,61.66,61.71,61.88,62.09,62.19
2021-8-20 0:37:37,62.42,62.21,62.42,62.15,62.51,62.77,63.04,63.49,63.19,63.36,63.52,63.84,64.69,65.66,65.91,66.42,66.91,67.35,68.03,68.35
2021-8-20 0:37:38,68.10,67.72,67.81,67.82,68.46,69.31,69.48,70.18,70.39,70.74,70.99,71.14,71.31,71.62,71.63,71.56,71.76,71.30,71.55,71.39,71.12
2021-8-20 0:37:39,70.87,70.56,70.30,70.15,69.42,68.95,68.39,67.64,67.19,66.72,65.95,65.82,65.59,64.96,65.01,64.66,64.57,64.98,65.12,65.01,65.11
2021-8-20 0:37:40,65.19,65.13,65.15,65.17,65.17,65.31,64.79,65.09,64.50,64.77,65.08,65.02,65.60,64.80,65.43,65.58,65.56,66.31,66.49,67.06
2021-8-20 0:37:41,67.84,68.19,68.74,68.61,68.45,68.46,67.92,68.27,68.58,68.55,68.79,68.29,68.03,68.11,67.49,67.05,66.59,65.85,64.95,64.35
2021-8-20 0:37:42,63.46,63.17,63.42,63.12,63.07,62.36,61.73,61.56,60.90,61.13,61.62,61.92,61.81,61.37,60.83,60.15,60.57,60.70,60.90,61.24
2021-8-20 0:37:43,60.99,60.73,60.15,59.97,59.69,60.10,60.70,60.65,61.08,60.76,60.68,60.83,61.20,61.18,60.81,60.19,59.79,59.85,59.91,60.31
2021-8-20 0:37:44,59.63,59.36,59.15,58.97,59.11,58.98,58.74,58.27,58.27,58.30,58.36,58.76,59.11,59.16,59.78,59.46,59.33,59.44,60.18,60.25
2021-8-20 0:37:45,60.29,60.48,59.68,59.63,59.30,59.04,58.50,58.97,59.09,58.83,58.70,58.75,58.80,59.12,59.21,59.44,59.66,59.70,59.81,59.68
2021-8-20 0:37:46,59.97,59.82,59.90,59.74,59.46,59.98,60.13,60.41,60.84,61.19,61.06,60.88,60.67,59.66,59.99,60.27,59.71,59.92,59.82,59.64
2021-8-20 0:37:47,60.09,60.93,61.46,61.46,61.65,61.39,61.50,62.37,62.64,63.09,63.16,62.96,63.12,63.25,63.51,63.82,64.13,64.21,64.47,64.43
2021-8-20 0:37:48,64.69,65.17,65.72,66.47,66.89,66.99,66.72,66.29,66.10,66.03,66.04,65.31,65.34,65.23,64.83,65.44,64.78,64.44,63.91,63.41
2021-8-20 0:37:49,63.70,63.30,64.14,64.10,63.94,64.14,63.07,63.12,63.08,63.10,63.43,62.64,62.07,61.56,61.18,61.61,61.31,61.32,61.36,61.11
2021-8-20 0:37:50,60.86,60.61,60.22,60.69,60.50,60.33,60.77,60.22,60.60,60.74,60.24,60.22,59.65,59.74,59.94,59.69,60.06,59.28,58.49,58.26
2021-8-20 0:37:51,58.32,58.40,58.89,58.65,58.09,58.02,58.50,58.91,58.86,58.97,57.93,57.54,58.24,58.38,58.58,58.24,57.73,57.84,58.15,58.76
2021-8-20 0:37:52,58.50,58.12,57.67,57.25,57.23,56.84,57.04,57.33,58.33,59.03,59.24,59.31,58.97,58.69,58.23,58.49,58.62,58.23,58.17,58.22
2021-8-20 0:37:53,58.26,58.95,59.23,58.44,58.16,57.71,58.21,58.41,58.04,58.31,57.88,57.94,58.50,58.51,58.23,58.38,58.02,58.41,58.60,58.67
2021-8-20 0:37:54,59.25,59.02,59.36,59.50,59.55,59.60,59.81,59.79,59.43,59.35,59.01,59.49,59.83,60.29,60.57,60.41,60.23,60.14,60.15,59.88,59.70
2021-8-20 0:37:55,59.33,59.27,59.39,59.64,59.84,60.14,59.93,59.80,59.64,59.37,59.23,59.32,59.26,58.55,58.69,57.86,57.64,58.06,58.02,58.46
2021-8-20 0:37:56,58.56,58.69,58.36,58.32,58.16,57.77,58.12,58.07,57.70,57.81,57.80,57.68,58.23,57.63,57.33,57.27,57.10,57.67,57.62,57.68
2021-8-20 0:37:57,57.65,57.90,58.41,58.11,58.15,57.85,57.27,57.97,58.15,58.35,58.63,57.95,57.28,57.49,57.31,57.60,57.89,57.47,57.90,57.88
2021-8-20 0:37:58,58.09,58.33,58.60,58.82,59.06,58.93,58.73,58.84,58.41,58.22,58.24,57.83,57.89,58.75,58.54,59.21,59.38,58.60,58.71,58.28
2021-8-20 0:37:59,58.20,58.94,58.98,59.82,60.59,60.37,60.60,60.16,60.47,60.75,61.20,61.52,61.20,61.44,61.42,60.82,61.21,61.29,61.76,62.54,62.53
2021-8-20 0:38:0,62.68,62.65,62.66,63.01,63.26,63.49,64.48,64.46,64.73,65.37,64.86,65.05,64.99,64.38,64.60,64.49,64.69,64.94,64.94,65.41
2021-8-20 0:38:1,65.65,66.05,66.78,67.43,67.73,67.69,67.68,67.76,67.74,68.14,68.06,68.61,68.94,68.74,68.63,68.11,68.67,68.72,69.49,69.48
2021-8-20 0:38:2,69.09,69.54,69.61,69.55,69.29,68.76,67.99,67.84,67.32,66.93,66.28,65.48,65.38,65.10,65.13,65.11,65.14,64.80,64.71,64.37,64.21
2021-8-20 0:38:3,64.56,64.53,65.04,65.41,65.64,66.00,65.91,65.45,65.73,65.46,65.64,65.55,65.08,65.21,64.65,65.49,65.07,65.20,65.26,64.06
2021-8-20 0:38:4,64.12,63.43,63.73,64.06,64.13,64.65,64.60,64.50,64.35,63.64,63.25,62.88,62.80,62.81,62.57,62.74,62.66,62.85,62.75,62.82
2021-8-20 0:38:5,62.78,62.97,63.30,62.98,62.98,62.52,61.55,61.76,61.57,61.85,63.02,62.95,62.80,62.37,61.53,61.13,61.52,61.66,61.16,60.92,60.13
2021-8-20 0:38:7,60.38,60.88,61.10,61.17,61.02,60.98,61.18,61.69,61.33,61.99,61.67,61.61,61.96,61.25,61.17,60.68,60.05,60.19,60.44,61.13
2021-8-20 0:38:8,61.69,61.64,61.18,60.85,60.55,60.84,60.89,60.83,60.99,60.37,60.53,60.78,60.25,60.38,60.80,60.81,60.94,61.38,61.54,61.49
2021-8-20 0:38:9,61.75,61.79,61.94,62.21,62.30,62.24,62.70,63.36,64.32,64.97,64.51,64.60,64.76,65.20,66.36,66.51,66.73,66.88,67.23,67.95
2021-8-20 0:38:10,67.74,68.20,67.45,66.98,68.01,67.75,68.61,69.78,70.52,72.14,72.91,72.76,73.30,73.17,73.33,74.31,73.86,74.17,74.80,74.31
2021-8-20 0:38:11,74.11,74.02,73.54,73.34,73.53,73.10,73.22,73.18,72.05,72.69,72.17,71.57,72.50,71.00,70.76,70.67,70.37,70.69,70.26,70.55
2021-8-20 0:38:12,71.08,70.84,70.74,70.70,70.32,70.70,70.99,71.09,71.07,70.88,70.38,70.42,69.84,69.78,69.88,69.87,69.80,69.61,69.52,68.70,68.54
2021-8-20 0:38:13,68.67,68.45,68.38,68.89,68.54,68.57,68.42,68.22,68.31,68.74,68.85,69.26,69.16,68.88,68.95,68.46,68.49,68.73,68.60,68.24
2021-8-20 0:38:14,68.09,67.33,67.40,66.94,67.12,67.50,67.40,67.06,66.52,65.87,65.29,65.11,65.36,66.34,66.41,67.32,67.31,66.65,66.77,66.63
2021-8-20 0:38:15,66.55,66.27,66.65,66.60,67.06,67.39,67.35,67.70,67.45,67.52,67.07,66.86,67.10,67.38,67.52,67.71,67.58,66.95,67.18,66.85
2021-8-20 0:38:16,66.76,67.42,67.24,67.52,66.94,66.89,67.46,67.32,67.93,68.53,67.66,67.46,67.02,66.32,67.33,66.79,66.81,66.61,66.51,67.39
2021-8-20 0:38:17,67.87,68.14,67.91,67.92,68.28,68.95,68.88,69.47,69.51,69.34,69.30,68.55,68.07,67.69,67.96,68.19,68.09,67.85,68.77,69.64
2021-8-20 0:38:18,70.85,71.05,71.03,69.72,69.40,70.51,69.40,70.47,69.84,68.48,68.48,67.66,67.43,67.12,67.12,67.77,68.99,70.10,69.78,68.97
2021-8-20 0:38:19,67.35,66.42,66.66,66.67,66.85,66.14,65.97,66.05,65.95,66.34,66.07,66.27,65.97,66.21,66.54,65.99,66.08,66.03,65.01,64.73
2021-8-20 0:38:20,64.11,64.13,64.57,64.98,65.84,65.54,65.04,64.22,64.25,63.56,65.01,65.78,65.73,66.71,66.02,66.86,67.40,66.84,67.05,65.43
2021-8-20 0:38:21,64.25,63.84,63.79,64.43,64.37,65.04,64.46,63.86,63.75,63.52,64.09,64.43,65.01,65.73,66.00,65.94,66.26,65.85,65.53,66.20
2021-8-20 0:38:22,65.67,65.89,65.66,65.13,65.42,65.17,65.84,66.18,66.89,67.60,67.66,67.84,67.47,67.45,66.94,67.15,67.80,67.71,67.67,67.67
2021-8-20 0:38:23,66.53,66.93,67.81,67.29,67.87,67.71,67.57,68.10,68.34,68.04,67.78,67.59,67.61,67.93,67.86,67.83,67.57,67.34,66.97,67.14
2021-8-20 0:38:24,67.58,67.57,68.42,67.79,67.33,66.98,66.63,67.11,66.86,66.40,66.05,65.99,66.01,66.47,66.67,66.42,66.49,66.22,65.73,65.51
2021-8-20 0:38:25,64.97,65.01,64.95,65.16,65.52,65.77,66.07,66.15,66.50,66.64,66.57,66.57,66.15,66.61,66.83,66.83,66.72,65.53,65.02,64.86
2021-8-20 0:38:26,64.73,65.88,66.27,66.59,67.60,67.65,67.90,68.45,68.09,67.47,67.43,67.47,68.07,68.85,68.73,68.83,68.59,68.26,68.77,68.60,69.05
2021-8-20 0:38:27,69.42,69.32,69.23,69.28,68.65,67.89,67.69,66.92,67.71,68.66,69.05,69.65,69.30,69.31,69.23,69.28,69.15,69.57,69.53,69.33
2021-8-20 0:38:28,69.03,68.91,69.20,69.09,70.23,70.00,70.52,70.98,71.26,71.53,70.93,71.31,70.95,70.96,71.81,71.77,71.24,71.13,70.53,69.80
2021-8-20 0:38:29,69.63,69.49,68.99,68.50,68.75,68.70,68.58,69.53,69.38,69.44,69.59,69.01,69.19,68.58,68.49,68.58,68.54,68.91,69.21,69.17,68.99
2021-8-20 0:38:30,69.15,70.07,70.82,71.12,71.14,70.02,69.69,69.58,69.77,70.30,70.43,71.20,71.80,72.02,72.29,72.35,72.73,72.76,73.07,72.67
2021-8-20 0:38:31,71.79,71.03,69.93,69.47,68.74,68.41,67.30,66.83,66.02,65.05,64.72,63.61,63.21,62.78,62.52,62.45,62.60,62.82,62.66,62.33
2021-8-20 0:38:32,62.29,62.32,62.54,62.41,61.33,61.24,61.00,60.70,61.23,60.69,60.42,60.84,60.89,61.45,61.81,61.91,61.62,61.61,61.45,61.74
2021-8-20 0:38:33,62.54,62.36,62.82,62.83,62.38,62.58,62.87,63.04,64.06,64.21,64.51,65.18,65.39,66.65,67.33,67.39,67.83,67.86,67.89,68.80
2021-8-20 0:38:34,68.98,69.09,69.60,69.75,71.08,72.19,72.86,72.94,72.87,73.32,74.09,75.36,75.69,75.76,75.25,74.60,73.56,72.57,71.41,70.46
2021-8-20 0:38:35,70.10,69.79,69.90,69.73,69.59,69.13,68.80,68.37,68.16,68.62,68.33,68.69,69.44,68.83,69.76,70.24,69.78,70.03,69.87,69.29
2021-8-20 0:38:36,69.26,69.50,69.18,69.17,69.43,69.12,68.98,69.20,68.71,69.35,69.81,69.97,70.65,71.17,71.79,72.49,72.23,72.56,72.83,73.81
2021-8-20 0:38:37,74.37,74.42,74.28,73.89,74.45,74.64,75.20,73.86,72.79,71.76,70.83,71.33,71.49,71.70,71.15,70.83,70.46,69.97,70.00,70.22
2021-8-20 0:38:38,70.20,69.74,69.83,68.97,68.88,69.09,68.67,68.67,68.65,68.85,68.11,67.84,66.96,65.74,65.97,65.39,65.28,65.67,65.49,66.17,65.68
2021-8-20 0:38:39,65.60,65.43,64.14,64.60,63.72,63.29,63.38,62.88,63.53,63.40,63.90,64.13,63.85,64.41,64.87,65.51,65.75,65.72,65.71,65.81
2021-8-20 0:38:40,65.65,65.93,65.74,65.49,66.18,66.36,66.54,66.31,65.99,65.61,65.17,65.45,65.22,65.08,64.83,64.15,64.38,64.22,64.40,64.76
2021-8-20 0:38:41,64.10,63.91,63.92,63.90,64.33,64.67,64.80,64.49,64.18,63.79,63.43,63.16,63.42,63.61,63.53,64.06,63.70,63.37,63.13,62.99
2021-8-20 0:38:42,62.80,63.24,64.29,64.23,64.48,64.01,63.53,63.41,62.52,62.08,61.91,61.32,62.11,62.77,62.66,63.05,62.81,62.68,62.83,63.16
2021-8-20 0:38:43,63.72,64.02,63.64,63.88,63.38,62.86,63.53,63.40,63.68,64.49,64.82,64.70,64.84,64.64,63.99,64.65,65.29,65.02,65.44,64.52
2021-8-20 0:38:44,63.46,63.40,63.19,63.86,64.50,64.84,65.09,64.64,64.44,64.54,64.81,64.80,64.79,64.76,63.81,63.33,63.42,63.16,63.85,64.55
2021-8-20 0:38:45,64.08,63.95,63.04,62.73,63.31,63.43,63.82,63.81,63.77,63.51,63.62,63.57,63.00,63.17,62.55,62.21,62.04,62.45,62.77,63.60
2021-8-20 0:38:46,63.91,63.21,63.12,62.05,61.70,61.20,60.72,60.63,60.54,61.08,61.28,61.96,61.99,61.36,60.82,60.15,59.71,60.05,60.16,59.82
2021-8-20 0:38:47,59.80,59.26,59.68,59.54,59.77,60.07,59.78,60.61,60.28,59.69,59.51,58.44,58.79,59.71,59.38,59.80,59.22,58.48,58.74,58.69
2021-8-20 0:38:48,59.08,59.10,59.06,58.70,58.34,57.89,57.64,57.32,57.43,57.38,57.60,57.91,57.53,58.10,57.88,58.16,58.22,57.63,57.56,57.17
2021-8-20 0:38:49,56.71,57.09,56.90,56.99,57.27,56.49,56.23,55.99,55.92,56.88,56.79,56.90,57.62,56.72,57.32,57.45,56.72,56.97,56.60,56.47
2021-8-20 0:38:50,56.51,56.32,56.48,56.41,56.25,56.58,56.53,56.09,56.10,55.67,55.87,56.10,56.54,56.25,56.20,56.50,55.93,56.43,56.04,55.93
2021-8-20 0:38:51,56.04,55.95,56.06,56.30,56.21,56.37,56.77,56.78,57.10,57.11,57.06,56.85,56.90,56.45,55.99,55.26,54.96,55.30,54.89,54.85
2021-8-20 0:38:52,55.00,54.81,54.91,55.38,55.28,55.42,55.88,55.99,55.79,56.18,55.93,55.35,55.41,55.27,56.06,56.49,56.57,56.35,55.72,56.05
2021-8-20 0:38:53,55.71,55.72,55.47,55.07,55.07,55.00,54.92,54.92,54.58,54.16,54.22,54.28,54.89,55.15,55.04,54.74,54.52,54.75,55.00,55.12
2021-8-20 0:38:54,55.00,54.86,54.45,54.01,54.27,54.07,54.71,54.78,54.64,55.06,54.36,54.93,55.18,54.98,55.64,55.48,55.52,55.21,55.13,55.71
2021-8-20 0:38:55,55.71,56.39,56.44,56.19,56.63,56.07,56.43,56.46,56.21,56.76,56.82,56.77,56.47,56.33,55.89,56.01,56.08,56.13,56.15,55.97
2021-8-20 0:38:56,56.06,55.62,55.85,55.73,55.52,56.36,56.39,56.27,56.28,55.86,55.78,55.62,55.26,55.21,55.31,55.66,56.12,56.42,56.59,56.80
2021-8-20 0:38:57,57.17,56.73,56.34,56.40,56.49,56.91,57.20,57.49,57.72,57.97,58.31,58.51,58.11,58.14,58.54,58.65,58.76,58.68,58.56,58.51
2021-8-20 0:38:58,58.70,59.32,59.11,59.43,60.32,60.04,60.72,60.59,60.55,61.25,60.69,61.01,60.86,60.36,61.18,61.17,61.63,62.24,62.17,63.16
2021-8-20 0:38:59,63.24,63.54,63.78,63.89,64.27,63.80,64.10,63.87,63.90,64.50,64.65,64.74,64.62,64.70,64.54,64.53,64.41,64.43,64.69,64.55,64.59
2021-8-20 0:39:0,64.82,64.15,63.35,62.73,61.72,61.09,60.99,60.10,59.81,59.61,59.13,58.90,58.57,58.39,58.53,58.90,59.18,58.80,58.96,59.08
2021-8-20 0:39:1,59.38,59.92,60.21,60.28,59.83,59.50,58.97,59.04,58.79,59.05,58.87,58.82,58.68,57.98,58.23,57.93,57.82,58.14,57.77,57.69
2021-8-20 0:39:2,57.21,57.10,57.15,57.19,57.46,57.02,56.67,56.28,56.49,56.64,56.46,56.14,55.17,55.41,55.49,55.62,55.50,55.02,54.99,54.68
2021-8-20 0:39:3,55.09,55.25,55.27,55.53,55.67,55.51,55.35,55.09,54.95,54.76,54.67,54.67,54.67,54.52,54.29,54.41,54.25,54.70,54.67,54.82
2021-8-20 0:39:4,55.00,54.79,55.09,55.03,55.20,54.82,54.65,54.83,54.92,55.49,55.62,55.52,55.53,55.48,55.37,54.87,54.85,54.79,54.88,54.96
2021-8-20 0:39:5,54.80,55.25,55.84,56.41,56.37,55.76,55.49,55.05,55.06,55.60,55.28,55.66,55.65,55.34,55.34,55.08,55.37,55.11,54.78,54.51
2021-8-20 0:39:6,53.97,54.01,54.33,53.93,54.02,54.57,54.73,55.14,55.40,54.83,54.53,54.86,54.53,54.60,54.22,54.57,54.48,54.30,54.76,54.37
2021-8-20 0:39:7,54.69,55.11,55.25,55.03,55.30,55.11,54.90,55.10,54.90,54.75,54.21,53.97,54.10,53.94,54.36,54.51,54.29,55.18,55.42,55.45
2021-8-20 0:39:8,55.41,54.89,55.31,55.45,55.47,55.53,55.28,55.70,55.30,55.11,54.97,54.81,55.17,55.06,55.52,55.61,55.53,55.67,55.78,55.70
2021-8-20 0:39:9,55.59,55.78,55.41,55.22,54.92,54.91,55.23,55.06,55.40,55.68,55.89,56.03,56.06,55.52,55.03,54.64,54.43,54.67,54.63,55.15,55.73
2021-8-20 0:39:10,55.73,56.04,55.80,55.25,55.31,54.92,54.86,55.02,54.91,54.82,55.08,54.93,55.04,55.24,54.82,54.63,54.76,54.46,54.22,54.45
2021-8-20 0:39:11,53.84,53.90,54.36,54.49,55.05,55.07,55.36,55.13,54.59,54.55,53.90,54.08,54.27,54.21,54.29,54.33,54.64,54.56,54.89,54.63
2021-8-20 0:39:12,54.10,54.48,54.40,54.51,55.01,54.47,54.57,54.31,54.14,54.15,53.96,54.61,54.76,55.12,55.56,55.21,55.13,55.36,55.16,55.81,55.81
2021-8-20 0:39:13,55.74,55.60,55.37,55.10,54.79,54.40,54.50,54.53,54.46,54.52,54.08,54.33,54.94,55.09,55.08,55.58,55.07,55.81,55.65,55.25
2021-8-20 0:39:14,55.38,55.22,55.86,56.04,56.04,55.54,55.55,55.39,55.27,55.33,54.43,54.66,54.93,54.74,54.96,54.62,54.45,54.70,55.03,55.03
2021-8-20 0:39:15,54.81,54.91,54.53,54.37,54.70,54.65,54.53,54.58,54.38,54.07,54.38,54.83,54.90,55.10,55.21,55.03,54.63,54.56,54.78,54.40
2021-8-20 0:39:16,55.11,55.13,55.00,55.25,55.10,55.14,55.31,55.43,55.24,55.28,54.71,54.28,54.04,54.29,54.50,54.95,55.54,55.59,55.59,55.42
2021-8-20 0:39:17,55.15,55.11,55.14,55.07,55.12,55.06,55.28,55.15,54.82,54.10,53.84,54.39,55.05,55.78,55.90,55.56,55.26,55.21,55.12,55.01
2021-8-20 0:39:18,54.93,55.28,55.56,55.56,55.60,55.17,55.08,54.96,54.87,54.83,55.10,55.58,55.58,55.71,55.89,55.43,55.70,55.73,55.54,55.84
2021-8-20 0:39:19,55.66,55.51,55.47,55.10,55.03,55.25,55.07,55.43,55.46,55.16,55.04,55.03,55.14,55.00,55.19,55.22,55.32,55.66,55.86,56.35
2021-8-20 0:39:20,56.18,56.33,56.55,55.58,55.84,55.84,55.25,55.75,55.22,54.95,55.24,55.12,55.87,56.02,55.71,56.31,55.62,55.35,55.68,55.07,55.48
2021-8-20 0:39:21,55.88,55.84,55.91,55.63,55.67,55.22,55.13,55.09,55.12,55.35,55.96,56.26,56.14,56.71,56.03,56.30,56.33,55.75,56.09,56.03
2021-8-20 0:39:22,55.81,55.96,56.00,55.58,55.67,55.60,55.48,55.36,55.69,55.56,55.55,55.56,55.31,54.85,54.95,55.04,54.53,54.98,54.98,54.63
2021-8-20 0:39:23,55.00,55.01,55.12,55.57,55.26,55.42,55.13,55.00,55.13,55.33,55.43,55.32,55.71,55.15,55.06,55.18,54.83,55.22,55.29,55.62,55.35
2021-8-20 0:39:24,55.09,55.12,54.98,55.38,56.03,56.28,56.07,56.08,55.68,55.43,55.52,56.04,56.23,55.94,56.19,55.97,55.68,55.95,55.94,55.93,56.21
2021-8-20 0:39:25,56.00,56.31,56.28,56.48,56.76,56.68,56.42,56.26,56.55,56.23,56.10,56.04,55.56,55.49,55.67,55.81,56.08,56.11,56.51,56.36
2021-8-20 0:39:26,56.57,56.32,55.99,56.02,55.48,55.79,55.69,55.73,56.12,55.83,55.61,55.32,55.37,55.75,55.79,55.84,55.81,55.44,55.52,54.94
2021-8-20 0:39:27,54.23,54.78,54.79,55.37,55.44,55.21,55.36,55.38,55.74,55.42,55.54,55.55,55.52,55.68,55.47,55.20,55.33,55.08,54.95,54.77,54.58
2021-8-20 0:39:28,54.78,55.14,55.67,55.44,55.07,54.68,54.60,54.82,55.41,55.64,55.81,55.74,55.75,55.51,55.13,55.43,55.16,55.28,55.32,55.18
2021-8-20 0:39:29,55.38,55.59,55.95,55.63,55.12,55.15,54.80,54.75,55.35,55.54,55.57,56.02,55.93,55.98,55.30,55.05,54.78,53.99,54.40,54.04
2021-8-20 0:39:30,54.20,54.81,54.76,55.01,54.61,54.06,54.07,54.29,54.19,54.28,54.39,54.09,54.11,54.06,54.25,54.44,54.88,54.67,54.93,54.93
2021-8-20 0:39:31,54.36,54.73,54.33,53.95,53.92,53.75,53.19,53.26,53.83,53.47,53.45,53.57,53.51,54.06,54.55
2021-8-20 0:39:32,55.24,55.07,54.88,55.02
2021-8-20 0:39:34,54.06,53.81,53.44,53.63,54.30,54.39,55.07,54.39,53.91,54.41,54.18
2021-8-20 0:39:35,54.40,54.81,54.58,54.80,55.04,54.50,54.41,54.46,54.35,54.89,54.70,54.20,54.27,53.80,54.14,54.38,54.14,54.35,54.30,54.50
2021-8-20 0:39:36,54.56,54.24,54.31,54.44,54.58,54.70,54.75,54.40,54.40,54.32,54.00,53.74,54.03,54.04,53.92,54.19,54.03,54.28,54.52,54.84
2021-8-20 0:39:37,54.90,55.19,55.08,55.33,55.77,55.81,56.44,56.22,56.17,55.88,55.52,55.39,54.59,54.97,54.38,54.19,54.60,54.13,54.24,54.30
2021-8-20 0:39:38,54.29,54.54,54.87,54.81,54.51,54.36,54.27,54.05,54.16,54.25,54.21,54.76,55.05,55.11,55.91,56.06,55.60,56.04,56.30,55.75
2021-8-20 0:39:39,56.40,56.65,56.45,56.72,56.79,56.70,56.70,57.24,57.32,57.33,57.69,58.02,58.77,59.29,59.10,59.02,58.87,59.02,59.20,59.62,59.53
2021-8-20 0:39:40,59.02,58.66,58.24,58.98,58.98,59.56,59.67,58.97,59.41,59.26,59.20,59.34,59.55,59.51,60.06,60.35,60.70,60.90,60.68,60.91
2021-8-20 0:39:41,60.96,61.62,62.11,61.87,61.65,60.90,60.44,60.51,60.96,61.44,61.57,62.15,62.04,62.31,63.11,63.28,63.03,63.11,62.79,62.44
2021-8-20 0:39:42,62.79,63.03,62.86,63.25,63.17,63.35,63.89,63.76,63.83,64.00,64.10,64.15,64.59,64.73,65.04,65.34,65.52,65.44,65.24,64.99
2021-8-20 0:39:43,64.40,63.95,63.35,63.21,63.18,63.43,64.28,64.96,65.81,66.43,66.31,66.52,66.36,66.03,65.61,65.49,65.60,65.81,66.29,66.15
2021-8-20 0:39:44,66.15,66.08,66.65,66.60,66.68,66.76,66.35,66.37,66.64,66.56,67.26,67.81,68.06,68.36,68.25,68.45,68.41,69.01,69.10,69.23
2021-8-20 0:39:45,69.56,69.61,70.18,70.70,70.84,71.48,71.45,71.83,72.44,72.68,73.72,73.90,74.68,75.03,75.55,76.49,77.28,78.05,79.14,79.51
2021-8-20 0:39:46,79.64,80.06,79.22,78.62,78.38,77.77,76.95,76.92,75.84,74.56,74.00,73.04,72.55,72.61,72.38,72.19,70.92,70.21,69.32,68.41
2021-8-20 0:39:47,68.49,68.65,68.27,67.48,67.22,65.91,66.09,66.67,67.12,67.48,67.41,67.05,66.07,65.52,64.93,65.11,65.44,65.76,66.38,66.52
2021-8-20 0:39:48,67.30,67.86,67.58,67.33,67.02,66.94,67.10,67.41,67.06,66.69,67.10,67.29,67.51,68.36,68.40,68.46,68.74,68.86,69.24,69.47
2021-8-20 0:39:49,69.91,70.39,71.14,71.76,72.45,72.77,73.23,73.40,73.86,74.17,74.38,75.90,76.87,77.50,78.26,78.29,78.14,78.78,78.88,79.39
2021-8-20 0:39:50,79.46,78.88,78.37,77.61,77.36,77.37,77.48,79.50,81.75,82.71,82.79,80.00,76.63,74.36,72.25,70.82,70.25,69.72,68.93,68.80
2021-8-20 0:39:51,68.06,67.59,67.94,68.00,67.98,67.94,68.40,68.95,70.37,71.18,71.53,71.86,71.24,71.28,71.25,71.02,71.45,71.78,72.02,72.59
2021-8-20 0:39:52,72.55,72.44,72.60,71.96,72.42,72.52,72.00,72.50,72.51,72.75,73.03,73.13,73.25,73.28,73.78,73.93,73.45,73.07,73.12,73.36
2021-8-20 0:39:53,74.00,74.09,74.15,73.72,73.23,73.53,73.29,73.42,73.49,73.94,74.28,73.98,74.08,73.77,73.74,74.59,74.70,74.62,74.15,73.42
2021-8-20 0:39:54,73.49,74.12,75.08,75.77,76.25,76.07,76.11,75.91,76.03,76.37,76.13,76.62,76.88,76.82,76.81,76.84,75.90,75.64,75.12,74.64
2021-8-20 0:39:55,74.82,74.16,74.52,74.24,73.16,73.18,72.36,71.86,71.65,71.35,71.34,71.06,71.19,71.00,70.55,70.55,71.42,71.38,71.15,71.14
2021-8-20 0:39:56,70.54,69.94,70.86,70.46,70.05,70.23,69.44,69.46,69.97,69.71,69.48,69.05,68.50,68.85,68.99,69.29,69.42,68.90,69.12,69.01,68.99
2021-8-20 0:39:57,69.92,69.64,69.87,69.67,69.82,70.19,70.87,70.94,70.48,70.35,70.12,70.67,70.55,70.55,70.44,70.30,70.62,70.80,70.69,70.92
2021-8-20 0:39:58,71.41,71.62,72.17,72.10,71.24,70.96,70.53,70.15,70.84,71.17,71.54,71.47,71.00,70.91,70.07,70.06,70.20,70.39,70.79,71.22
2021-8-20 0:39:59,71.50,71.44,71.77,71.99,71.94,72.30,72.89,73.23,73.89,74.34,74.42,74.66,74.46,74.30,74.29,74.17
2021-8-20 0:40:0,74.25,73.92,73.41,73.20,72.68,72.65,72.56,72.40,72.19,71.63,71.88,71.28,71.31,71.15,70.43,69.82,69.30,69.15,69.09,69.49
2021-8-20 0:40:1,69.68,69.60,69.72,69.90,70.02,70.20,70.78,71.13,71.00,71.60,71.24,70.76,71.88,71.49,71.74,72.08,70.69,71.30,71.19,71.64
2021-8-20 0:40:2,72.71,72.50,72.50,72.35,72.24,71.75,71.54,71.07,70.35,70.29,70.02,69.43,69.02,68.25,68.19,68.24,68.00,68.26,67.69,67.36
2021-8-20 0:40:3,67.87,68.41,68.71,69.41,68.53,68.39,68.30,68.49,69.06,68.75,69.05,68.55,68.67,68.47,68.55,68.78,69.07,68.99,68.11,67.38
2021-8-20 0:40:4,66.71,66.62,66.55,66.05,65.33,64.75,64.38,63.86,63.48,62.75,62.20,61.74,61.80,61.67,61.32,60.97,60.66,60.30,59.98,60.09
2021-8-20 0:40:5,59.70,60.01,59.66,59.23,59.26,58.45,58.93,59.37,58.48,58.83,58.61,58.75,59.37,59.43,59.37,59.19,59.35,59.72,60.36,60.35,60.27
2021-8-20 0:40:6,59.89,59.67,59.83,59.49,60.32,60.68,60.88,62.06,61.94,62.14,62.21,62.35,62.55,62.87,63.91,64.24,64.60,64.37,64.44,64.89
2021-8-20 0:40:7,65.01,65.65,65.67,65.30,65.34,65.59,65.46,65.73,65.84,64.90,64.05,62.78,61.99,61.51,61.12,61.21,60.82,60.64,60.42,60.58
2021-8-20 0:40:8,60.19,60.30,60.85,60.65,61.49,61.65,61.38,61.34,61.04,60.74,60.78,60.90,61.71,62.38,62.62,62.26,61.88,61.93,61.88,62.19
2021-8-20 0:40:9,61.91,61.91,62.14,62.19,61.31,60.89,60.68,60.36,60.72,60.74,60.36,60.28,60.64,61.05,61.07,61.90,62.13,61.77,62.31,62.36,62.75
2021-8-20 0:40:10,62.91,62.89,62.44,61.64,61.39,61.48,61.14,61.31,61.23,60.76,60.68,61.23,61.69,61.98,62.30,61.42,60.67,60.34,60.30,60.41
2021-8-20 0:40:11,60.69,60.72,60.62,60.86,61.00,61.52,61.45,61.00,60.48,59.84,59.62,59.96,60.61,60.76,61.60,62.27,62.38,62.28,62.49,62.22
2021-8-20 0:40:12,62.14,62.19,61.04,61.22,61.11,61.76,62.43,61.85,62.01,61.89,62.10,62.48,62.77,62.53,62.90,62.80,62.76,63.51,63.29,63.72
2021-8-20 0:40:13,63.65,63.49,63.57,63.58,63.70,63.24,62.75,62.14,62.43,62.63,62.61,62.95,63.21,63.38,63.99,64.34,63.50,63.07,62.50,62.44
2021-8-20 0:40:14,62.32,62.63,62.92,62.91,63.11,62.55,62.03,61.43,61.01,61.18,61.03,61.14,61.12,61.39,61.67,61.56,61.63,61.41,61.56,61.28
2021-8-20 0:40:15,61.35,61.45,61.57,61.55,61.83,61.58,60.70,61.08,60.82,60.66,61.01,61.07,61.04,60.70,61.32,61.21,61.24,61.83,61.11,60.53
2021-8-20 0:40:16,60.73,60.78,60.71,60.97,60.52,60.52,59.95,59.55,59.33,58.64,59.13,59.42,59.17,59.15,59.32,59.35,59.56,59.98,60.06,60.03
2021-8-20 0:40:17,59.96,60.22,60.35,60.72,61.18,60.84,60.36,60.17,59.97,59.85,60.53,60.31,59.92,60.13,60.16,60.25,60.96,60.31,60.41,60.24
2021-8-20 0:40:18,59.63,60.40,59.97,60.10,60.62,60.33,60.19,60.05,60.33,60.39,60.66,61.91,61.40,61.52,61.76,60.89,61.21,61.86,61.80,62.59
2021-8-20 0:40:19,62.77,62.81,63.26,63.44,63.89,64.36,64.45,64.23,64.12,64.13,65.08,65.86,66.19,66.56,66.38,66.57,67.04,67.51,68.22,67.92
2021-8-20 0:40:20,68.32,68.71,68.58,69.40,70.02,70.28,70.64,71.49,71.81,71.55,71.55,71.13,71.18,71.69,72.48,72.81,72.55,72.34,71.81,71.17,71.20
2021-8-20 0:40:21,71.59,71.80,72.37,72.18,71.84,71.64,71.17,70.30,69.98,69.33,68.95,69.41,68.83,68.84,68.40,68.19,68.32,68.37,68.62,69.17
2021-8-20 0:40:22,69.61,69.55,68.90,68.33,67.56,67.49,68.32,68.66,68.62,68.32,68.27,67.58,67.56,66.93,66.24,66.26,65.87,66.28,66.60,66.10
2021-8-20 0:40:23,65.82,65.12,64.75,64.92,64.97,65.46,65.79,65.46,64.70,64.06,63.43,63.04,63.35,62.98,62.36,62.89,62.50,63.11,63.28,63.53
2021-8-20 0:40:24,63.68,63.27,63.50,62.69,62.58,62.88,62.42,62.11,62.18,61.97,61.60,61.40,61.02,60.92,61.49,61.78,62.23,62.96,63.20,62.79
2021-8-20 0:40:25,62.92,62.06,61.25,61.17,60.84,61.28,62.01,61.90,62.46,63.27,62.81,63.55,63.51,62.51,63.99,63.33,63.32
2021-8-20 0:40:26,63.66,61.91,62.09,61.15,60.60,60.62,61.52,61.58,61.51,61.92,61.38,61.92,61.35,60.76,61.56,62.23,62.83,63.50,62.59,63.19
2021-8-20 0:40:27,62.91,62.71,63.21,62.58,63.44,64.81,65.42,65.66,64.82,64.01,62.35,61.80,63.31,64.23,66.01,65.45,64.73,62.93,62.07,62.49,62.39
2021-8-20 0:40:28,63.49,63.38,63.53,63.68,63.71,64.19,64.96,65.94,65.66,65.59,64.78,63.65,63.16,63.14,62.18,61.74,62.37,62.63,64.09,63.28,63.54
2021-8-20 0:40:29,63.13,62.75,63.44,62.82,62.70,62.90,63.54,63.89,64.01,63.30,63.34,62.63,62.23,62.32,61.07,61.17,60.19,60.28,60.32,59.44
2021-8-20 0:40:30,60.37,60.05,61.10,61.48,61.97,62.03,61.45,61.73,60.76,61.91,62.34,62.02,61.82,60.80,60.43,60.43,60.76,61.02,61.13,60.81
2021-8-20 0:40:31,61.42,61.35,61.50,62.24,62.21,62.23,61.75,62.33,61.94,62.21,61.63,60.36,60.56,60.67,60.66,60.64,61.13,61.22,62.08,63.27
2021-8-20 0:40:32,62.04,61.48,60.77,59.72,59.57,60.04,59.79,60.36,60.62,59.73,59.44,58.50,59.02,59.14,60.27,60.49,60.47,59.92,60.50,61.09
2021-8-20 0:40:33,61.03,61.32,59.73,59.51,59.08,59.27,59.51,59.60,59.42,59.11,60.76,60.51,60.33,60.83,60.42,60.39,60.59,59.85,59.51,60.01
2021-8-20 0:40:34,60.06,60.66,59.77,59.63,60.69,60.26,60.75,60.29,60.20,60.58,60.16,60.73,60.33,59.70,59.91,59.50,59.01,60.49,59.83,60.30
2021-8-20 0:40:35,60.46,58.61,59.04,58.97,59.28,60.46,61.30,61.02,61.14,61.60,62.41,62.79,62.27,60.97,60.56,59.45,59.54,59.80,58.89,60.18
2021-8-20 0:40:36,59.94,59.86,59.48,58.10,58.22,58.39,58.57,60.20,60.81,60.51,61.46,60.81,60.62,61.87,61.55,61.86,61.32,60.14,59.74,59.55,59.72
2021-8-20 0:40:37,59.80,59.80,59.17,59.57,59.93,60.06,60.86,60.29,59.96,59.50,59.30,59.77,60.22,60.97,60.61,60.47,60.14,60.36,60.60,60.72
2021-8-20 0:40:38,61.40,60.86,61.20,61.53,61.56,61.65,61.68,61.84,62.49,62.84,62.98,62.81,61.81,61.51,61.43,61.57,61.44,61.72,61.44,61.03
2021-8-20 0:40:39,61.24,60.45,60.34,60.73,60.44,60.85,61.68,61.34,61.93,62.19,61.34,61.50,61.48,61.41,61.80,61.57,61.13,61.35,61.67,61.74,62.30
2021-8-20 0:40:40,62.82,62.59,63.19,63.35,62.97,63.51,63.65,64.31,64.25,64.26,64.35,64.21,65.05,64.85,65.08,65.05,65.17,65.71,66.25,66.56
2021-8-20 0:40:41,67.23,67.94,68.26,68.85,68.99,69.26,69.67,69.80,69.38,68.27,67.41,67.06,67.26,67.82,68.09,68.32,68.65,68.40,68.73,68.55
2021-8-20 0:40:42,67.64,67.85,67.47,67.32,67.83,67.72,67.59,67.72,67.89,68.11,68.90,69.52,69.06,68.79,67.62,66.39,65.96,65.19,65.75,66.39,66.55
2021-8-20 0:40:43,67.40,67.14,67.17,68.09,68.19,68.59,68.52,67.74,67.58,67.10,67.15,67.59,67.82,68.03,67.42,67.54,67.28,67.65,68.01,67.68
2021-8-20 0:40:44,67.36,66.91,66.01,65.72,65.96,66.16,66.70,66.76,66.91,66.26,66.38,66.04,65.72,65.14,64.92,64.53,63.85,64.78,64.00,64.37
2021-8-20 0:40:45,64.38,63.67,64.05,63.71,64.18,64.19,63.65,63.37,62.87,63.11,63.09,62.96,63.10,62.02,62.01,61.87,61.53,62.16,62.00,62.13
2021-8-20 0:40:46,61.81,61.50,61.60,61.01,61.35,61.49,61.64,61.94,61.99,61.85,61.77,62.14,62.00,62.11,62.08,62.31,62.80,63.04,63.01,63.22
2021-8-20 0:40:47,62.83,62.85,63.24,63.04,63.37,63.32,63.60,63.94,63.94,64.41,64.16,63.84,63.66,63.42,63.41,64.04,64.87,64.91,65.16,65.39
2021-8-20 0:40:48,64.81,65.28,65.45,65.37,65.96,66.16,66.50,66.42,65.73,65.04,64.34,64.10,64.54,64.72,64.98,64.69,64.53,64.36,64.42,64.93
2021-8-20 0:40:49,64.93,64.81,65.10,64.74,64.52,64.48,63.83,63.72,63.22,62.88,62.72,61.89,62.10,62.77,62.27,62.77,62.95,62.04,62.10,61.77
2021-8-20 0:40:50,61.13,61.20,61.42,60.83,61.15,61.42,61.26,61.27,60.88,60.14,59.61,59.55,59.72,60.01,60.01,60.08,59.97,59.81
2021-8-20 0:40:51,59.82,60.16,59.96,60.18,60.51,60.12,60.16,59.89,59.99,60.57,60.51,61.18,61.14,60.73,60.95,60.73,61.10,61.36,61.63,61.50
2021-8-20 0:40:52,61.45,61.57,61.31,61.17,61.24,61.01,61.47,61.93,61.92,62.31,61.92,61.95,61.57,61.61,61.83,61.56,61.76,61.42,61.32,61.39
2021-8-20 0:40:53,61.16,61.35,61.49,61.94,62.35,62.67,62.83,62.53,62.83,63.13,63.61,63.92,64.17,64.09,63.95,64.12,63.92,64.26,64.85,65.21
2021-8-20 0:40:54,66.03,66.28,66.39,66.25,66.36,66.49,67.06,67.71,67.94,68.82,69.02,69.89,70.31,70.68,71.30,71.59,72.46,72.66,72.82,73.20
2021-8-20 0:40:55,73.46,73.90,74.33,75.03,75.43,75.76,76.26,76.30,76.35,76.52,76.70,76.62,76.87,76.15,75.26,73.23,71.03,69.15,67.51,66.69,66.34
2021-8-20 0:40:56,66.08,65.33,64.80,64.18,63.63,63.43,63.56,62.86,63.04,63.25,62.69,62.97,62.93,61.93,61.88,61.13,60.99,61.80,61.69,61.61
2021-8-20 0:40:57,61.61,61.19,61.04,61.10,60.52,60.42,60.81,60.74,60.68,60.55,60.33,60.28,60.41,59.66,60.02,61.66,60.95,61.54,60.84,59.06
2021-8-20 0:40:58,59.52,59.27,59.14,59.42,59.83,59.59,59.66,59.69,58.97,59.62,59.86,59.45,59.87,59.22,58.98,59.55,59.57,59.62,59.87,59.23,59.12
2021-8-20 0:40:59,59.19,59.14,59.34,59.13,59.40,58.85,58.95,59.21,58.67,58.95,58.72,58.59,59.22,59.52,59.94,60.18,60.23,59.63,59.73,59.62
2021-8-20 0:41:0,59.24,59.67,59.29,58.87,59.01,58.59,58.60,58.73,58.68,59.29,59.40,59.34,59.60,59.69,59.20,59.37,59.38,59.63,60.37,60.47
2021-8-20 0:41:1,60.32,59.93,59.69,60.27,60.06,60.39,60.84,59.78,59.71,59.52,59.15,59.79,60.02,59.88,59.81,59.63,59.58,59.49,59.47,59.92
2021-8-20 0:41:2,59.92,59.91,60.34,60.56,61.16,61.25,61.53,61.29,60.96,61.14,61.12,60.96,61.15,61.07,60.61,60.41,59.87,59.38,59.62,59.94
2021-8-20 0:41:3,60.36,60.88,60.50,59.87,59.12,59.27,59.42,59.51,59.78,59.64,59.88,59.65,60.59,60.76,60.65,61.40,60.79,60.81,60.92,60.77
2021-8-20 0:41:4,61.44,61.42,61.58,61.36,61.24,61.64,61.86,62.18,61.74,62.04,61.82,62.60,62.81,62.83,62.78,62.68,62.80,62.62,63.05,62.95
2021-8-20 0:41:5,63.34,63.42,63.17,63.12,63.09,63.22,63.32,63.36,63.13,63.30,62.99,62.94,62.63,62.25,62.15,61.49,61.89,61.57,61.66,62.05
2021-8-20 0:41:6,62.21,62.16,62.56,62.62,62.51,62.43,61.92,62.05,61.85,62.00,62.98,63.00,62.90,62.97,62.05,62.23,62.09,62.00,61.82,61.38
2021-8-20 0:41:7,61.47,61.18,61.63,62.04,61.90,62.57,62.70,62.49,62.62,61.59,60.78,60.66,60.62,62.23,62.99,63.37,64.03,63.31,63.77,64.24
2021-8-20 0:41:8,64.21,64.68,64.83,64.88,65.37,65.94,66.25,66.78,67.42,67.35,67.53,67.38,67.37,67.71,68.57,69.04,68.49,68.23,66.78,66.04
2021-8-20 0:41:9,65.81,65.39,65.59,65.35,65.55,65.57,65.68,66.08,66.51,66.62,66.46,65.82,65.23,64.60,64.01,63.43,62.65,62.12,61.57,61.63
2021-8-20 0:41:10,61.92,62.28,62.61,62.69,62.62,63.12,64.00,64.21,64.33,64.68,64.80,65.23,65.62,65.26,64.47,64.30,63.98,63.56,63.84,63.84
2021-8-20 0:41:11,63.46,63.51,63.07,62.87,63.00,62.33,62.14,62.37,62.52,63.02,63.58,63.51,63.50,63.84,63.69,63.51,63.48,63.79,63.78,64.22
2021-8-20 0:41:12,64.03,62.98,63.28,62.49,63.06,63.35,63.43,63.59,63.33,64.64,65.50,66.62,67.04,66.27,65.37,64.79,64.79,64.76,65.09,65.22
2021-8-20 0:41:13,64.42,64.55,64.02,63.19,63.93,63.88,63.73,63.81,62.96,63.08,63.19,64.05,63.97,63.05,62.66,62.63,63.27,64.37,64.69,64.25
2021-8-20 0:41:14,64.65,64.10,63.88,63.66,63.39,63.35,63.36,63.16,62.53,62.01,61.43,61.55,61.36,61.60,62.26,61.93,62.03,62.15,62.01,62.36
2021-8-20 0:41:15,62.13,61.75,61.65,61.60,61.52,61.72,62.16,62.19,62.03,61.93,61.60,61.49,62.08,61.92,61.82,61.65,61.73,61.93,62.19
2021-8-20 0:41:16,62.47,62.31,62.08,61.74,61.96,61.77,62.04,62.92,64.23,65.12,66.16,66.23,65.11,64.78,64.07,63.89,63.85,63.87,63.91,63.78
2021-8-20 0:41:17,63.26,63.01,62.41,61.71,61.43,61.35,60.73,60.15,60.34,59.90,60.28,61.01,61.14,61.33,60.98,60.74,60.91,60.66,60.89,60.42
2021-8-20 0:41:18,59.79,59.59,59.86,60.58,61.39,61.58,61.77,61.77,61.73,61.71,61.61,61.14,61.27,61.45,61.45,61.47,61.01,61.22,60.92,61.14
2021-8-20 0:41:19,61.37,61.12,61.41,61.84,61.38,61.32,61.18,61.33,62.21,62.80,63.32,63.94,63.32,63.26,63.33,62.92,63.37,64.07,64.54,65.04
2021-8-20 0:41:20,65.10,65.26,65.76,65.55,66.61,66.91,66.62,66.79,66.19,66.35,66.19,66.44,66.67,65.93,65.99,66.06,65.57,66.03,65.42,64.75
2021-8-20 0:41:21,65.32,64.62,64.95,65.35,64.14,63.92,63.82,63.40,63.34,63.70,63.93,64.15,64.63,64.22,64.49,64.52,64.51,65.07,64.24,64.16,64.22
2021-8-20 0:41:22,63.79,63.93,63.38,62.66,62.48,62.99,63.66,63.62,63.24,62.76,62.20,62.52,62.83,62.65,62.45,62.15,61.95,62.19,61.96,61.92
2021-8-20 0:41:23,61.52,60.77,61.23,61.05,61.28,61.31,60.73,60.82,60.56,60.57,60.35,60.26,60.26,60.31,60.58,60.57,60.40,62.76,64.65,66.25,67.89
2021-8-20 0:41:24,66.37,65.09,64.08,62.63,61.58,61.49,61.06,60.72,60.45,60.15,59.67,59.90,59.85,59.87,60.04,59.98,59.94,59.45,59.68,59.58
2021-8-20 0:41:25,59.78,59.75,59.13,59.18,59.29,59.40,60.20,60.48,60.41,60.81,60.12,60.16,59.78,59.29,59.82,59.41,59.58,60.23,59.87,59.76
2021-8-20 0:41:26,60.13,59.53,59.94,60.00,59.88,60.12,59.14,59.71,59.73,59.74,61.30,61.18,60.95,61.48,60.37,60.37,60.40,59.93,60.56,60.50
2021-8-20 0:41:27,60.77,60.67,60.63,60.80,60.66,60.30,60.15,60.00,59.84,59.98,59.83,59.80,60.00,60.80,61.29,61.20,61.73,61.84,61.72,61.58
2021-8-20 0:41:28,61.24,60.86,60.50,61.04,61.38,61.68,62.03,61.79,61.05,60.48,60.49,60.57,60.64,60.54,60.46,60.48,60.52,60.92,61.47,61.17,61.55
2021-8-20 0:41:29,61.62,61.14,61.13,61.06,60.07,59.94,60.29,60.38,60.91,61.43,61.70,61.52,60.98,60.75,60.04,59.61,59.73,59.60,59.66,60.56,61.07
2021-8-20 0:41:31,61.36,61.64,61.33,61.75,61.60,61.97,61.83,61.59,62.06,61.97,62.10,62.18,61.99,61.57,61.46,60.88,60.84,60.70,60.67,60.47
2021-8-20 0:41:31,59.54,59.77,59.55,59.39,59.71,59.49,59.89,60.85,61.22,61.91,61.99,61.67,62.27,61.74,61.43,61.21,61.06,61.19,61.34,61.23
2021-8-20 0:41:33,60.66,60.43,60.21,60.39,60.13,60.41,60.45,60.41,60.58,60.38,60.62,60.93,60.36,61.12,60.82,60.41,61.25,60.44,60.55,60.91
2021-8-20 0:41:34,60.65,61.10,61.48,61.04,61.37,61.31,60.90,61.16,61.03,60.62,60.58,60.84,61.10,61.04,61.35,61.53,60.50,60.68,60.74,60.17
2021-8-20 0:41:35,61.22,61.73,61.71,62.41,62.37,62.35,62.61,61.73,61.46,60.93,60.06,60.05,59.74,59.57,59.81,60.08,60.18,60.18,60.05,60.62
2021-8-20 0:41:36,60.57,60.77,61.02,59.84,59.95,59.69,59.38,60.45,60.27,60.71,60.80,59.74,59.72,59.77,59.51,59.91,59.70,59.45,59.73,59.87
2021-8-20 0:41:37,60.53,60.63,60.62,61.47,60.95,60.92,60.74,59.72,60.43,60.45,60.43,61.07,60.78,60.72,60.60,59.93,59.49,59.18,59.68,60.02
2021-8-20 0:41:38,59.69,59.79,59.37,59.51,59.75,59.61,59.71,60.27,61.07,61.12,61.09,60.00,59.29,59.59,59.67,60.64,60.72,60.75,61.08,59.95
2021-8-20 0:41:39,60.02,59.62,59.53,60.05,59.90,59.99,59.70,59.60,60.23,60.63,60.73,61.79,61.43,60.81,60.29,59.24,59.18,60.16,60.48,60.92
2021-8-20 0:41:40,61.10,60.66,60.73,60.23,59.71,59.61,59.70,60.08,60.04,60.40,60.56,60.21,60.84,60.17,59.90,60.82,60.42,60.76,61.00,60.30
2021-8-20 0:41:41,60.54,60.53,60.38,60.12,60.33,60.48,60.57,60.65,60.56,59.99,60.17,59.79,59.25,59.45,59.57,60.14,60.40,60.48,60.17,60.74
2021-8-20 0:41:42,60.77,60.46,60.79,60.74,60.83,61.64,61.17,60.91,61.17,60.60,60.98,60.74,60.92,61.30,61.32,61.26,61.06,60.90,60.98,60.98
2021-8-20 0:41:43,60.64,60.49,60.43,60.57,60.91,60.75,60.76,60.44,60.14,60.77,60.88,60.83,61.68,61.38,60.97,60.61,60.34,60.42,61.15,61.47
2021-8-20 0:41:44,61.27,60.69,60.24,60.03,59.37,59.74,59.65,59.71,60.21,59.85,60.07,60.82,60.60,61.09,60.90,59.97,60.69,60.56,60.66,60.75
2021-8-20 0:41:45,59.93,60.53,60.25,60.33,60.61,59.72,59.62,59.79,59.36,59.56,59.33,59.38,60.00,59.93,60.27,60.95,60.13,60.49,60.52,59.66
2021-8-20 0:41:46,60.31,60.30,60.25,60.57,60.47,60.57,60.45,60.36,59.89,59.40,59.18,59.01,59.36,59.55,59.75,59.99,60.01,60.23,60.35,60.55
2021-8-20 0:41:47,60.22,60.30,60.42,59.55,60.20,60.14,60.34,60.94,60.69,60.74,60.38,60.40,60.56,60.18,60.16,59.82,59.34,59.43,59.43,59.65,60.13
2021-8-20 0:41:48,60.05,59.81,60.62,60.42,60.70,60.83,59.54,59.80,59.54,59.60,59.91,60.24,60.54,60.35,59.94,59.12,59.03,59.12,59.48,59.59
2021-8-20 0:41:49,59.38,59.91,60.43,60.84,60.77,60.72,61.55,61.22,60.92,60.55,59.54,59.58,59.96,59.55,59.70,59.89,60.30,60.56,60.13,59.82
2021-8-20 0:41:50,59.34,59.12,59.34,59.25,59.39,59.68,60.01,60.30,60.38,60.43,60.74,60.44,60.57,60.41,59.46,59.89,59.84,60.06,60.88,61.09,61.36
2021-8-20 0:41:51,61.46,60.78,60.41,59.79,59.67,59.97,59.69,60.05,60.05,59.94,60.27,60.21,60.25,61.01,60.81,60.65,60.79,59.92,60.25,60.10
2021-8-20 0:41:52,59.99,60.71,60.69,60.76,61.04,60.46,59.66,59.79,59.65,59.94,60.42,60.69,62.57,65.20,68.10,70.58,71.11,69.47,66.81,64.05
2021-8-20 0:41:53,61.42,59.91,60.08,60.05,59.69,60.48,60.30,60.21,60.74,59.63,59.34,58.99,59.01,59.79,59.47,59.70,59.45,59.36,59.92,59.60
2021-8-20 0:41:54,59.67,60.54,59.85,60.43,60.57,59.51,59.82,59.60,59.63,59.75,59.90,60.26,60.49,61.17,61.83,61.79,61.87,61.16,60.30,60.92
2021-8-20 0:41:55,60.99,60.82,61.12,60.24,60.07,60.79,60.54,60.62,60.03,59.01,59.47,59.46,59.83,60.39,60.29,60.67,60.61,60.07,60.15,59.94
2021-8-20 0:41:56,59.83,59.52,58.58,58.28,58.32,58.89,59.29,59.24,58.96,58.95,59.27,59.72,59.94,59.60,59.78,59.21,59.19,59.00,58.52,59.15,59.45
2021-8-20 0:41:57,60.15,60.96,60.96,60.71,59.89,59.04,59.04,59.12,59.57,60.11,59.29,59.35,59.31,58.99,60.02,59.77,59.97,61.03,60.63,60.70
2021-8-20 0:41:58,60.35,59.14,59.49,59.98,59.95,60.73,60.48,60.27,60.17,59.20,59.04,59.21,59.45,59.81,59.71,59.55,59.53,59.85,60.55,60.46
2021-8-20 0:41:59,60.23,60.94,60.62,60.41,60.57,59.57,59.64,59.59,59.28,59.84,60.03,60.37,60.71,59.95,59.48,59.33,59.05,59.07,59.41,59.12,59.34
2021-8-20 0:42:0,59.99,59.60,60.06,60.22,60.26,60.14,59.84,60.11,60.07,60.58,60.69,60.42,61.04,60.71,60.65,60.20,59.03,59.00,59.49,59.83
2021-8-20 0:42:1,60.08,60.03,59.54,59.97,59.86,59.99,59.87,59.15,59.97,59.71,59.63,59.96,59.45,59.39,60.04,60.18,60.52,60.64,60.70,60.72
2021-8-20 0:42:2,60.21,60.39,59.91,60.15,60.25,60.18,60.21,60.23,60.07,60.33,60.37,60.00,60.50,60.21,60.04,59.64,59.30,59.67,60.10,60.46
2021-8-20 0:42:3,59.75,59.06,58.66,58.85,58.87,58.95,59.01,59.33,59.50,59.51,59.85,60.19,60.08,60.20,59.90,59.13,60.00,60.25,60.43,60.77
2021-8-20 0:42:4,60.31,60.10,59.97,59.46,59.63,59.80,59.69,59.84,59.13,58.77,58.67,58.65,58.82,59.14,59.25,59.38,59.96,59.86,59.96,59.60
2021-8-20 0:42:5,59.54,59.67,59.47,59.61,59.60,59.98,60.36,60.86,60.72,60.25,59.99,59.74,59.19,59.16,59.08,59.16,59.48,59.38,59.68,59.80
2021-8-20 0:42:6,59.91,60.11,60.36,59.96,60.47,60.18,59.90,60.02,59.93,60.25,60.43,60.13,60.30,59.92,59.62,59.51,58.35,58.50,58.79,59.30
2021-8-20 0:42:7,59.65,59.98,59.99,59.58,59.84,60.03,59.87,60.23,59.71,59.73,59.47,59.50,60.51,60.42,60.92,60.67,59.77,60.37,60.37,60.59
2021-8-20 0:42:8,61.42,61.15,61.49,62.00,61.79,61.83,61.33,60.44,60.24,59.95,60.59,60.88,60.76,61.26,60.47,60.59,61.36,61.12,62.09,62.26
2021-8-20 0:42:9,61.33,61.87,61.68,61.86,62.39,62.23,62.59,62.24,62.06,61.76,61.01,61.61,61.95,61.69,62.00,61.91,62.15,62.86,63.21,62.98
2021-8-20 0:42:10,62.85,62.56,62.40,63.00,62.76,63.32,63.69,64.02,64.82,64.05,64.16,63.69,63.44,63.53,63.02,63.45,63.13,63.64,64.15,64.34
2021-8-20 0:42:11,65.19,65.65,66.00,66.39,66.98,67.31,68.15,69.17,69.43,70.14,70.61,70.22,70.45,70.08,69.98,70.13,69.97,70.22,70.12,70.30
2021-8-20 0:42:12,70.53,70.85,70.98,70.74,71.11,71.44,71.44,72.48,72.40,72.02,72.16,72.26,72.35,73.58,74.90,74.98,75.48,75.66,74.99,75.12
2021-8-20 0:42:13,75.00,74.37,74.23,73.93,74.14,73.95,73.96,74.17,73.86,73.38,72.78,71.99,71.56,71.19,71.31,71.06,70.90,71.09,71.23,71.78
2021-8-20 0:42:14,71.95,72.31,72.11,72.45,72.92,73.20,73.51,73.57,73.74,74.02,74.67,75.27,75.41,75.70,75.26,74.85,74.41,74.55,74.98,74.82
2021-8-20 0:42:15,75.18,74.80,74.31,74.31,74.19,74.18,74.59,75.47,76.17,76.82,77.39,77.01,76.80,76.05,75.22,75.12,74.58,74.86,74.95,74.89
2021-8-20 0:42:16,75.34,75.61,75.94,75.82,75.87,75.52,75.58,75.80,75.99,76.15,76.02,75.71,75.61,75.97,75.88,75.91,75.93,75.41,75.39,75.71
2021-8-20 0:42:17,75.64,75.93,75.89,75.10,75.07,74.76,74.62,75.09,74.16,73.26,72.71,71.77,71.20,70.43,69.72,69.37,69.16,69.36,68.63,68.48
2021-8-20 0:42:18,67.75,66.85,67.03,66.55,66.54,66.44,66.29,65.74,65.28,64.99,65.03,65.05,65.39,65.95,66.34,67.10,67.57,67.96,68.45,68.96,69.71
2021-8-20 0:42:19,70.47,70.73,71.48,71.97,72.85,73.97,74.57,75.74,75.97,76.20,76.44,76.41,76.94,76.62,75.80,75.02,73.30,72.42,71.08,69.67
2021-8-20 0:42:20,68.83,67.59,67.52,67.24,67.38,67.40,67.08,66.93,66.21,65.67,65.40,65.01,65.51,65.67,65.61,65.38,64.52,64.81,64.30,64.68
2021-8-20 0:42:21,65.37,64.95,65.75,65.49,64.89,64.73,64.25,64.05,64.09,64.23,64.30,64.54,64.61,64.81,65.04,65.26,65.12,64.73,64.64,64.69
2021-8-20 0:42:22,65.11,65.58,65.31,65.25,65.14,64.87,65.27,64.88,64.79,64.89,64.76,65.52,65.30,65.54,65.67,65.29,65.97,65.47,65.33,65.43
2021-8-20 0:42:23,64.57,64.67,65.19,65.19,65.36,65.27,64.58,63.95,64.86,64.78,65.04,65.19,64.03,64.20,64.04,64.51,65.08,65.19,65.12,64.37,63.80
2021-8-20 0:42:24,63.30,63.53,63.81,63.80,64.36,63.78,63.86,64.39,63.84,64.16,64.19,64.06,64.00,64.17,64.46,64.55,65.19,65.38,65.28,65.45
2021-8-20 0:42:25,65.33,65.03,64.64,64.13,63.67,63.82,63.84,64.39,64.99,65.21,65.42,65.24,64.87,64.56,64.51,64.44,64.77,64.56,64.87,64.88
2021-8-20 0:42:26,64.83,65.04,65.08,65.24,65.23,64.87,64.68,64.30,64.18,64.85,64.45,64.41,63.97,63.13,63.05,62.55,62.79,62.18,61.54,61.89
2021-8-20 0:42:27,61.23,61.24,61.10,60.59,60.88,60.61,60.68,60.66,60.06,60.16,60.47,60.30,60.40,60.35,60.13,59.66,59.63,59.59,59.38,59.46
2021-8-20 0:42:28,59.04,59.46,59.06,59.19,59.10,58.52,59.07,59.43,59.51,59.52,59.01,58.68,58.36,58.79,58.94,58.92,59.39,59.11,59.20,59.15
2021-8-20 0:42:29,59.22,59.70,59.56,59.57,59.85,59.01,58.94,58.82,58.50,58.75,59.03,59.52,59.71,60.25,60.51,60.24,60.69,60.81,60.85,61.33
2021-8-20 0:42:30,61.46,61.73,61.59,61.75,61.36,61.25,61.65,61.15,61.70,61.79,62.20,63.28,62.87,62.70,62.52,61.95,62.25,62.61,62.50,62.69
2021-8-20 0:42:31,62.47,62.63,62.78,62.77,63.61,63.66,63.80,63.91,63.55,63.71,64.30,64.62,64.55,64.53,64.29,64.25,64.41,64.37,64.17,63.93
2021-8-20 0:42:32,63.42,62.98,62.62,62.31,62.75,62.29,62.75,62.18,61.86,62.39,61.68,62.39,62.21,61.83,61.82,61.14,60.72
2021-8-20 0:42:33,60.31,60.07,59.80,59.77,59.70,60.15,60.66,61.17,62.04,61.90,62.38,62.61,62.53,62.72,62.78,62.79,63.15,63.34,63.88,64.38
2021-8-20 0:42:34,64.44,64.54,64.91,65.12,64.83,65.50,65.06,64.73,64.92,64.57,63.99,63.38,63.02,62.62,62.02,61.80,61.47,60.96,60.99,60.91
2021-8-20 0:42:35,60.34,60.00,59.76,59.51,60.15,59.93,60.45,60.46,60.33,60.60,60.15,60.34,60.32,60.31,60.32,60.44,59.95,59.76,60.05,60.01
2021-8-20 0:42:36,60.03,59.91,59.62,59.56,59.55,59.23,59.15,59.30,59.05,59.58,59.42,58.43,59.10,58.79,58.74,59.01,58.82,58.87,59.24,59.54
2021-8-20 0:42:37,59.11,59.29,59.13,59.17,59.33,59.05,59.31,59.14,59.15,59.23,59.05,58.85,58.89,58.49,57.98,57.91,57.85,58.55,58.70,59.12
2021-8-20 0:42:38,59.82,59.88,59.78,59.80,59.50,59.30,60.18,60.09,60.53,61.51,62.12,63.02,63.34,63.18,62.95,62.85,62.78,62.90,63.39,63.63,63.59
2021-8-20 0:42:39,64.24,63.93,63.90,64.19,64.02,64.25,64.93,65.65,66.00,65.75,65.05,64.09,63.37,63.79,64.04,64.05,64.19,63.87,63.70,63.63
2021-8-20 0:42:40,64.08,63.80,64.05,64.39,65.01,64.86,65.17,65.08,63.59,64.32,64.03,64.35,64.69,64.34,64.72,64.12,64.60,64.67,64.67,65.47
2021-8-20 0:42:41,65.44,65.93,65.53,65.26,64.72,64.28,64.51,63.93,64.59,64.35,63.38,63.33,62.93,63.09,62.68,63.00,63.08,62.26,63.12,62.71
2021-8-20 0:42:42,62.14,62.18,62.07,62.31,61.89,62.45,61.83,61.51,61.84,61.83,62.40,62.25,62.80,63.07,63.22,63.70,63.52,63.19,62.26,61.82
2021-8-20 0:42:43,61.65,61.97,61.71,62.00,61.76,61.45,62.12,61.76,61.48,61.31,61.14,60.75,61.28,60.55,60.66,60.79,60.79,61.16,61.55,61.80
2021-8-20 0:42:44,61.68,61.57,61.39,61.03,60.53,60.90,59.92,60.32,60.17,59.64,60.41,60.14,59.92,59.72,58.94,58.72,58.46,57.87,58.51,58.05,57.98
2021-8-20 0:42:45,58.84,58.52,58.88,59.30,59.16,58.99,59.18,58.97,58.77,58.61,58.50,58.65,58.68,59.11,59.43,59.86,60.45,60.28,60.18,59.95
2021-8-20 0:42:46,59.79,59.92,59.49,60.07,60.06,59.92,60.43,59.95,59.92,60.21,59.78,60.12,60.43,59.77,59.63,58.69,58.05,58.53,58.55,58.61
2021-8-20 0:42:47,58.87,58.90,59.27,59.33,58.87,58.91,58.89,59.51,59.55,59.07,58.66,58.01,58.20,58.33,58.56,59.03,59.26,59.59,59.63,59.33
2021-8-20 0:42:48,59.14,59.48,58.96,58.90,58.59,57.90,58.91,59.31,59.52,59.94,59.39,59.32,59.35,59.32,59.05,59.56,59.57,59.54,59.81,59.25
2021-8-20 0:42:49,59.47,59.71,59.57,59.20,58.67,58.03,58.20,58.65,59.09,59.46,59.92,60.07,60.74,61.17,61.24,61.51,61.27,61.23,61.07,61.29
2021-8-20 0:42:50,61.33,61.44,62.00,62.39,62.74,63.67,63.92,63.84,63.52,62.96,62.60,62.64,62.99,63.01,62.76,61.94,61.46,60.81,60.49,60.93,60.86
2021-8-20 0:42:51,61.14,61.01,60.89,60.80,60.87,61.41,61.15,61.99,62.19,62.19,62.52,62.02,61.75,61.51,61.80,61.94,62.16,62.84,62.57,62.75
2021-8-20 0:42:52,63.09,62.58,62.83,62.87,62.49,62.76,62.73,62.36,62.45,61.82,61.42,61.87,61.63,61.99,62.06,62.00,61.99,61.87,62.12,61.83
2021-8-20 0:42:53,61.65,62.07,61.57,61.27,61.50,61.12,60.87,60.95,60.62,61.13,61.30,61.47,61.41,60.86,61.28,61.85,62.24,62.57,62.94,62.70,62.71
2021-8-20 0:42:54,62.63,62.53,62.35,62.74,62.86,63.39,63.42,63.53,64.07,63.47,63.88,63.83,63.96,64.23,64.31,64.43,64.36,64.44,64.95,64.94
2021-8-20 0:42:55,64.83,64.37,63.66,64.26,63.86,64.10,64.26,63.44,62.96,63.02,62.63,62.34,62.73,62.05,61.68,61.59,61.59,61.83,61.58,61.71
2021-8-20 0:42:56,61.30,61.23,61.73,62.16,62.67,62.91,62.91,62.49,62.27,62.31,62.62,62.73,62.63,61.94,61.35,61.52,61.58,61.65,62.49,61.94
2021-8-20 0:42:57,62.13,62.63,62.15,62.86,63.22,63.33,63.62,63.19,62.59,63.09,62.70,62.82,63.60,63.35,64.12,64.83,64.98,64.84,64.74,64.73,64.58
2021-8-20 0:42:58,65.25,65.42,64.97,64.86,64.95,64.65,64.71,64.68,63.99,63.50,63.07,62.77,62.97,62.63,62.55,62.70
2021-8-20 0:42:59,62.74,63.56,64.14,64.36,63.42,62.77,62.25,62.04,62.99,63.49,63.66,63.37,63.20,62.80,62.69,62.58,62.35,62.88,62.57,62.46
2021-8-20 0:43:0,62.15,61.43,61.76,62.19,62.37,62.66,62.82,62.72,62.88,62.91,62.97,62.15,62.01,61.52,61.33,61.84,61.98,62.32,62.13,62.11,61.22
2021-8-20 0:43:1,61.08,61.12,60.88,61.20,61.08,60.91,60.53,60.38,60.18,59.68,60.18,60.62,60.12,60.63,60.31,60.30,60.69,60.63,61.61,62.07
2021-8-20 0:43:2,62.18,62.28,60.98,60.29,59.97,60.02,60.11,60.06,60.52,59.92,60.24,60.25,60.10,60.32,60.65,60.69,60.81,60.92,60.35,59.94
2021-8-20 0:43:3,59.85,59.73,59.94,60.10,60.04,60.19,60.48,60.71,61.22,61.35,61.12,61.09,60.83,60.58,60.87,61.27,61.60,62.32,62.12,61.86,62.00
2021-8-20 0:43:4,61.70,61.79,61.53,60.92,61.36,61.79,61.78,61.96,61.39,61.22,61.61,61.93,62.26,62.66,62.85,62.62,62.48,62.67,62.86,63.52
2021-8-20 0:43:5,63.65,63.49,63.28,62.80,62.55,62.77,63.07,63.47,63.44,62.71,61.69,60.81,60.55,60.27,61.19,61.48,61.44,61.78,61.22,61.21
2021-8-20 0:43:6,61.50,61.29,61.70,61.82,61.27,61.32,61.06,60.96,61.21,61.57,61.59,61.88,62.06,61.85,61.83,61.82,61.77,61.62,61.94,61.63
2021-8-20 0:43:7,61.96,61.98,61.62,61.58,61.42,61.57,62.13,62.40,62.21,62.21,61.76,61.51,62.06,62.06,62.40,62.72,62.63,62.73,62.52,62.39
2021-8-20 0:43:8,62.54,62.39,62.23,62.30,62.11,62.14,62.05,61.99,61.96,61.97,62.07,61.99,62.12,62.16,62.20,62.50,61.99,61.90,61.71,61.40
2021-8-20 0:43:9,62.12,62.61,62.60,62.91,62.37,61.63,61.59,60.73,60.51,60.37,60.37,60.95,60.68,60.74,60.61,60.15,60.31,60.56,60.52,60.45
2021-8-20 0:43:10,60.60,60.46,60.24,60.51,60.74,60.74,61.13,61.05,60.81,60.64,61.02,61.39,61.10,60.80,60.36,60.05,60.45,60.86,60.91,61.23
2021-8-20 0:43:11,60.79,60.51,60.40,60.12,60.52,60.47,60.70,60.69,60.30,60.38,60.14,60.23,60.49,61.02,60.95,61.16,61.32,61.48,61.54,61.47,61.87
2021-8-20 0:43:12,61.94,62.38,62.61,62.20,61.75,61.79,61.78,62.15,62.99,63.34,63.39,63.70,63.53,63.66,64.21,64.52,64.62,65.00,65.13,65.12
2021-8-20 0:43:13,65.22,65.34,65.26,65.06,65.19,64.84,64.53,64.84,64.51,65.04,65.37,65.30,66.30,66.21,67.32,67.88,67.78,68.78,68.23,68.02
2021-8-20 0:43:14,68.12,68.00,68.25,68.15,68.12,68.17,68.16,68.54,69.28,68.77,68.79,69.73,69.09,69.55,69.94,69.48,69.41,68.54,68.60,68.43,68.48
2021-8-20 0:43:16,68.72,68.31,67.61,67.23,67.03,66.64,66.66,66.82,66.86,66.45,66.67,66.50,67.36,67.75,67.42,67.74,67.09,67.08,67.82,67.46
2021-8-20 0:43:17,66.59,66.57,66.25,66.57,67.08,67.30,68.07,67.99,68.88,69.29,69.25,69.94,70.21,71.04,70.73,70.74,71.21,71.41,71.97,72.57
2021-8-20 0:43:18,72.66,72.63,73.74,74.16,74.39,74.80,74.59,75.07,76.06,76.67,76.86,77.05,76.12,76.06,75.97,75.64,75.85,75.02,74.90,74.41
2021-8-20 0:43:19,73.66,73.28,72.35,71.76,71.45,71.02,70.79,70.29,69.88,68.89,67.52,66.39,65.09,64.84,64.84,65.22,65.04,64.87,64.82,64.46
2021-8-20 0:43:20,65.06,64.35,63.92,63.86,63.00,63.36,63.64,63.40,63.64,63.51,62.64,62.07,61.71,61.07,61.72,62.22,62.25,62.51,62.75,62.54
2021-8-20 0:43:21,62.49,62.05,61.28,61.13,60.98,61.10,61.11,60.92,61.02,61.38,61.01,61.01,61.48,61.71,62.55,62.83,62.57,62.55,62.38,62.36
2021-8-20 0:43:22,62.35,62.19,62.21,61.31,61.29,60.83,60.21,61.07,60.72,61.65,62.11,62.42,62.56,61.81,61.95,62.29,62.32,62.65,62.54,62.06
2021-8-20 0:43:23,62.43,62.16,61.65,61.54,61.58,62.39,63.53,63.41,63.29,63.01,62.78,62.80,63.12,62.95,63.01,63.60,63.14,63.57,63.88,64.05
2021-8-20 0:43:24,64.92,64.92,64.37,64.20,64.11,63.96,64.82,65.17,65.10,65.27,64.64,64.90,64.56,65.15,65.48,65.10,65.82
2021-8-20 0:43:25,65.97,66.38,67.68,67.55,67.47,67.67,67.06,67.49,67.11,66.49,66.63,66.71,67.73,68.59,69.05,69.31,69.49,70.27,70.03,70.27
2021-8-20 0:43:26,70.36,69.61,69.67,69.48,70.08,71.00,71.62,72.20,72.05,72.19,72.84,73.24,73.39,73.42,72.96,73.17,73.13,72.72,72.30,72.12
2021-8-20 0:43:27,72.57,73.13,74.13,74.44,74.68,75.03,74.44,73.87,73.26,72.79,72.91,72.77,73.08,73.73,73.86,74.38,74.74,74.41,74.62,74.56
2021-8-20 0:43:28,74.00,73.89,73.47,73.27,73.02,72.14,71.67,71.22,71.17,71.99,72.19,72.60,72.96,72.57,72.67,72.74,72.12,71.97,71.90,71.30
2021-8-20 0:43:29,71.42,71.51,70.87,70.82,70.52,70.46,70.57,70.79,71.22,71.23,71.27,70.52,68.65,67.88,67.89,67.99,68.85,68.37,67.34,66.95
2021-8-20 0:43:30,67.07,67.33,67.68,68.18,68.30,68.40,68.33,68.50,68.32,68.41,68.73,68.49,68.60,68.91,69.26,69.25,69.25,69.34,68.70,68.14
2021-8-20 0:43:31,68.06,67.71,67.76,67.67,67.45,66.79,66.99,67.29,67.08,67.43,67.08,66.72,66.27,66.02,65.44,65.47,65.30,65.17,65.42,65.23
2021-8-20 0:43:32,65.22,65.50,65.52,65.78,65.70,65.18,65.04,64.79,65.14,65.45,65.32,65.57,65.77,65.75,66.14,66.41,66.35,65.97,65.99,65.57
2021-8-20 0:43:33,65.35,64.98,64.52,64.47,64.41,64.72,65.06,64.72,64.24,64.62,64.24,64.86,65.22,64.21,64.08,63.27,63.04,63.21,63.21,63.41,63.64
2021-8-20 0:43:34,63.92,64.18,63.46,63.26,62.97,62.04,62.46,62.03,62.83,63.51,63.44,64.24,63.61,64.16,64.40,63.84,63.67,63.09,62.77,63.00
2021-8-20 0:43:35,63.60,63.58,63.56,63.65,63.05,63.06,63.11,62.86,62.95,62.79,62.62,62.42,62.56,62.58,63.24,63.01,63.16,63.19,62.67,63.15
2021-8-20 0:43:36,62.57,62.73,62.83,62.77,63.13,62.67,62.96,63.07,62.80,63.81,63.95,64.45,64.83,64.69,64.23,63.37,63.85,63.24,62.91,63.07
2021-8-20 0:43:37,62.88,63.27,63.89,63.67,63.77,64.34,64.36,64.62,64.03,63.20,62.58,62.91,63.40,63.65,64.49,64.72,64.36,64.83,64.53,65.07
2021-8-20 0:43:38,66.31,66.10,66.70,65.80,64.53,64.40,64.41,64.73,64.71,64.49,64.00,64.39,64.32,64.33,64.75,63.58,63.59,63.26,62.81,63.35
2021-8-20 0:43:39,63.95,64.13,64.26,64.31,63.44,63.62,63.45,63.61,64.02,63.68,63.69,63.33,63.55,63.30,62.94,63.05,62.79,63.28,63.61,63.13,63.41
2021-8-20 0:43:40,63.27,62.85,63.04,62.35,61.99,61.81,62.31,62.67,63.27,63.61,63.11,62.82,62.82,62.86,62.45,62.34,62.19,62.09,62.42,62.52
2021-8-20 0:43:41,62.23,62.27,62.47,62.68,62.83,62.61,62.30,62.51,62.37,62.57,62.81,62.40,62.53,62.44,61.77,61.60,61.30,61.23,61.34,61.56
2021-8-20 0:43:42,61.79,62.55,62.74,62.49,62.40,61.84,62.15,62.30,62.20,61.50,61.20,61.04,61.61,62.21,62.34,62.77,62.08,61.36,61.40,60.94
2021-8-20 0:43:43,60.98,61.58,61.35,61.31,61.05,60.90,61.04,61.08,61.02,60.36,59.78,59.51,59.52,59.71,59.78,60.08,60.34,60.22,59.90,59.30
2021-8-20 0:43:44,58.52,59.12,59.65,59.86,60.20,59.61,58.88,58.81,58.84,58.85,58.92,58.78,59.12,59.07,58.98,58.95,58.59,58.71,59.20,59.77
2021-8-20 0:43:45,60.07,60.30,59.81,59.46,59.13,58.98,58.94,58.68,58.34,58.32,58.88,59.10,59.59,59.82,59.24,59.07,58.56,58.51,58.43,58.17
2021-8-20 0:43:46,58.32,57.86,58.44,59.18,59.25,59.34,59.43,59.35,59.50,59.84,59.23,58.64,58.99,58.33,59.05,59.49,59.75,60.58,60.16,59.98
2021-8-20 0:43:47,59.31,59.13,59.20,59.39,59.38,58.93,58.74,58.82,58.60,58.80,58.99,58.67,58.93,58.52,58.67,59.29,59.44,59.44,58.58,58.44,58.04
2021-8-20 0:43:48,58.56,58.91,58.45,58.62,58.48,58.54,58.68,58.83,58.59,59.25,59.00,58.42,58.80,58.42,58.05,58.40,58.40,58.22,58.88,59.34
2021-8-20 0:43:49,59.22,59.34,59.21,59.02,59.14,59.80,59.50,59.57,59.81,59.33,59.85,59.99,59.69,59.47,58.81,59.00,59.05,59.27,60.42,60.48
2021-8-20 0:43:50,60.18,59.90,59.53,58.53,58.93,59.39,58.91,59.84,59.64,60.27,60.57,59.71,60.11,59.87,59.90,60.33,60.43,59.49,59.18,59.83,59.44
2021-8-20 0:43:51,59.79,59.98,59.64,59.61,59.79,60.06,59.96,60.14,60.14,59.85,59.59,59.64,59.20,58.87,58.99,58.86,59.07,59.51,59.03,58.75
2021-8-20 0:43:52,58.87,58.55,58.89,58.87,58.39,58.67,58.68,59.12,59.81,59.85,60.57,60.70,61.69,62.13,62.54,63.25,63.24,63.80,64.03,64.42
2021-8-20 0:43:53,64.47,64.86,65.22,65.15,65.78,66.05,65.94,66.11,65.86,66.14,66.77,67.25,67.94,68.54,69.19,70.04,70.82,71.50,71.96,72.66,72.55
2021-8-20 0:43:54,72.90,73.28,73.31,74.03,73.89,74.39,74.28,74.05,73.94,72.32,72.10,71.13,70.01,70.59,70.47,70.46,70.70,70.73,70.02,69.55
2021-8-20 0:43:55,69.30,68.35,67.71,67.62,67.66,67.39,67.49,67.10,66.30,66.28,66.24,66.19,66.59,66.20,65.57,65.29,64.91,64.94,65.62,66.21
2021-8-20 0:43:56,66.26,66.36,66.00,65.45,64.87,64.30,63.71,63.11,62.46,61.52,60.87,60.89,61.00,61.27,61.12,60.68,60.50,60.48,60.97,61.02
2021-8-20 0:43:57,61.27,61.46,60.78,60.53,60.75,60.29,60.32,60.54,60.54,61.17,61.76,62.06,61.88,62.07,61.67,61.78,61.45,60.99,60.70,60.55,60.51
2021-8-20 0:43:58,60.85,61.20,60.99,60.70,60.03,59.88,60.04,60.64,60.87,60.77,60.71,60.58,60.43,60.47,60.60,60.85,61.38,61.93,62.14,62.31
2021-8-20 0:43:59,61.49,61.50,61.34,61.08,61.43,61.07,60.74,60.72,61.24,61.96,62.51,62.58,62.49,62.28,61.91,62.04,61.79,61.57,61.08,60.36
2021-8-20 0:44:0,60.11,59.77,60.45,60.59,60.52,60.71,60.62,61.49,62.32,63.35,63.81,63.85,64.20,64.02,64.41,64.50,64.35,64.51,64.31,64.01
2021-8-20 0:44:1,63.62,62.89,61.91,61.51,61.14,60.72,61.14,61.22,61.69,62.27,62.38,62.79,62.86,62.68,62.71,62.59,62.20,62.33,62.39,62.63,62.85
2021-8-20 0:44:2,63.04,62.75,62.12,61.96,61.36,61.26,61.62,61.87,62.60,63.07,63.09,63.21,63.40,63.46,63.96,64.21,64.15,64.78,64.22,64.54
2021-8-20 0:44:3,64.11,63.47,63.67,63.04,63.09,63.58,64.05,64.37,64.62,64.47,64.13,63.84,63.30,63.18,62.97,62.76,62.72,62.45,62.74,62.62
2021-8-20 0:44:4,62.96,63.12,62.47,62.35,62.30,62.17,62.42,62.90,63.16,62.98,62.47,61.98,61.33,60.62,60.07,60.14,59.74,59.50,60.04,59.48,59.67
2021-8-20 0:44:5,59.65,58.85,58.66,58.29,58.38,58.61,58.79,58.51,58.53,58.64,58.33,58.57,58.20,58.10,58.52,58.32,58.21,58.26,57.96,58.08
2021-8-20 0:44:6,58.13,58.33,57.77,57.91,58.21,58.16,58.57,58.71,58.41,58.66,58.84,58.71,58.56,58.53,58.37,57.89,57.91,57.17,56.85,56.72
2021-8-20 0:44:7,56.76,56.29,56.04,55.61,55.42,56.32,56.79,57.38,57.57,57.59,57.75,58.17,58.21,58.02,58.15,57.55,57.80,57.86,58.19,58.67,58.78
2021-8-20 0:44:8,58.78,58.68,59.01,58.52,58.36,57.99,57.55,58.33,58.61,59.34,59.97,60.18,60.34,59.35,58.69,57.88,57.40,57.85,58.35,58.44
2021-8-20 0:44:9,58.89,58.54,58.15,57.85,57.54,57.74,57.56,58.19,58.02,57.99,57.73,57.51,57.55,57.25,57.90,57.68,57.89,58.53,58.41,58.22,58.62
2021-8-20 0:44:10,58.39,58.50,59.02,58.37,58.24,57.83,57.62,58.30,58.78,58.85,59.37,58.93,58.73,58.72,58.20,58.16,58.23,58.35,58.20,58.96,59.08
2021-8-20 0:44:11,59.09,59.33,58.73,58.29,57.94,57.61,57.72,57.35,58.23,59.15,59.08,59.50,59.42,59.37,59.32,59.38,59.08,58.50,58.59,58.85
2021-8-20 0:44:12,58.62,58.94,58.27,58.08,58.36,58.41,59.27,59.34,59.23,59.08,58.79,58.50,58.44,58.74,58.65,58.63,58.86,59.15,59.33,59.77
2021-8-20 0:44:13,59.09,58.37,58.11,57.72,57.82,58.31,58.66,59.00,59.43,59.46,59.44,59.76,59.98,59.06,59.18,58.56,58.66,59.41,59.77,60.23
2021-8-20 0:44:14,60.11,60.05,59.24,59.41,59.40,59.55,60.06,59.75,59.80,59.90,60.45,61.19,61.18,61.03,60.35,59.98,60.14,60.09,60.32,60.13
2021-8-20 0:44:15,59.28,59.21,58.28,57.83,58.04,57.92,58.49,58.01,58.08,58.28,58.30,59.42,59.74,59.90,59.97,59.58,59.84,60.16,60.46
2021-8-20 0:44:16,60.54,60.53,60.27,60.37,60.71,61.24,60.85,60.62,60.16,59.71,60.01,60.22,60.39,60.10,59.87,59.53,59.76,59.80,60.02,60.41
2021-8-20 0:44:17,59.77,59.77,59.98,59.43,60.33,60.43,60.29,60.48,60.27,60.14,60.27,60.22,59.68,59.66,59.72,59.68,59.66,59.98,59.80,59.89
2021-8-20 0:44:18,59.89,59.82,59.70,59.76,60.00,59.98,59.60,59.66,59.53,59.72,59.86,60.34,60.61,60.50,60.94,60.63,60.53,60.29,60.38,59.79
2021-8-20 0:44:19,60.13,59.76,59.86,60.17,59.55,60.05,59.56,59.89,60.60,60.55,60.66,60.50,60.57,60.77,61.21,61.58,61.04,61.24,60.51,59.99
2021-8-20 0:44:20,60.09,59.60,59.75,59.33,59.39,59.41,59.50,59.77,59.45,59.46,59.06,59.39,59.71,59.89,60.24,59.55,59.40,58.88,58.64,58.99
2021-8-20 0:44:21,59.06,58.95,59.62,59.84,59.42,59.87,59.32,59.52,59.06,59.06,59.02,58.88,59.59,59.59,59.74,59.37,59.27,59.17,59.17,59.28
2021-8-20 0:44:22,59.19,58.76,58.86,58.77,58.78,59.67,59.39,59.29,59.43,58.47,58.46,58.97,59.23,59.64,59.60,59.05,58.94,59.21,59.51,59.81
2021-8-20 0:44:23,59.83,59.72,59.43,59.18,59.11,58.89,58.85,59.17,59.09,59.14,59.20,58.91,59.01,58.43,58.66,58.41,58.32,59.03,58.78,58.89
2021-8-20 0:44:24,59.10,59.02,59.09,59.25,59.24,59.10,59.02,58.83,58.74,59.22,59.02,59.62,59.30,58.78,59.04,58.75,58.77,58.37,58.21,57.97
2021-8-20 0:44:25,57.71,58.00,57.74,57.61,57.85,58.32,58.44,58.98,58.90,58.19,58.56,58.33,58.56,58.61,58.59,58.34,58.44,58.51,58.76,58.71
2021-8-20 0:44:26,58.56,58.40,57.75,57.84,58.10,58.26,58.54,58.37,57.88,58.72,58.27,58.38,58.55,58.45,58.98,59.20,58.77,58.43,58.87,58.63,58.81
2021-8-20 0:44:27,58.51,57.87,58.35,58.33,58.37,58.11,57.35,57.83,57.96,58.47,58.79,58.54,58.37,57.87,57.90,57.46,57.27,57.59,57.59,57.65
2021-8-20 0:44:28,58.12,58.27,58.68,59.52,60.35,60.78,60.98,60.59,59.65,59.12,58.96,58.75,59.05,58.91,58.50,58.36,58.04,57.87,58.01,58.37
2021-8-20 0:44:29,59.03,60.56,62.06,63.50,64.34,64.54,64.49,64.24,64.03,63.88,63.18,62.42,61.77,60.79,60.26,60.01,59.64,59.48,59.51,59.41,59.39
2021-8-20 0:44:30,59.31,59.30,60.08,61.62,64.23,66.39,67.30,67.28,65.99,64.55,63.71,62.74,62.30,62.37,62.36,62.49,62.34,63.28,63.18,62.97
2021-8-20 0:44:31,63.18,62.25,62.73,63.42,64.30,65.72,67.59,69.54,71.01,71.35,70.93,69.99,68.84,68.28,67.33,66.76,66.28,65.20,64.89,64.29
2021-8-20 0:44:32,63.84,63.67,63.74,64.51,65.84,68.07,69.77,70.75,71.30,71.65,71.92,72.57,73.02,72.77,72.32,71.42,70.58,69.60,68.78,68.34,67.77
2021-8-20 0:44:33,67.64,67.23,66.81,66.64,66.45,66.37,66.00,65.51,65.01,64.53,64.07,63.74,63.25,63.08,63.06,62.98,63.22,63.45,63.53,64.22
2021-8-20 0:44:34,65.46,66.92,68.58,69.75,70.50,71.07,71.65,71.58,71.22,70.37,69.39,68.62,67.77,67.32,66.98,66.65,66.20,65.61,65.01,64.83
2021-8-20 0:44:35,64.32,63.89,63.55,63.19,63.13,63.48,63.44,63.46,63.56,63.26,63.50,63.12,62.90,62.45,62.42,62.66,62.85,63.32,63.24,63.39,63.79
2021-8-20 0:44:37,64.14,65.14,66.40,68.01,69.48,69.44,68.44,66.65,64.87,63.86,63.53,63.64,63.91,64.69,65.57,66.04,67.02,68.03,69.26,70.59
2021-8-20 0:44:38,71.80,71.98,72.33,72.79,72.73,72.96,72.46,72.10,71.49,71.11,70.00,68.98,68.76,68.61,69.41,69.98,70.94,72.91,74.85,76.90
2021-8-20 0:44:39,78.43,78.60,78.65,78.55,78.78,79.11,79.43,79.60,79.55,79.57,79.59,80.10,80.38,80.61,80.99,80.93,80.84,80.76,80.68,80.61
2021-8-20 0:44:40,80.86,81.36,81.37,81.89,81.83,81.41,81.67,81.21,81.09,81.20,80.94,81.08,80.66,80.46,80.19,79.68,79.71,79.29,79.07,78.64
2021-8-20 0:44:41,77.97,77.45,76.96,76.21,75.82,74.96,74.63,74.58,74.27,74.04,74.16,74.66,74.42,74.44,73.90,73.07,72.96,73.49,73.13,73.22
2021-8-20 0:44:42,72.76,72.11,71.11,70.57,69.78,68.90,69.21,68.58,68.31,67.86,67.07,66.93,67.34,67.36,67.61,67.95,68.09,68.15,68.15,68.80
2021-8-20 0:44:43,68.77,69.56,70.19,69.82,69.88,69.87,69.77,69.64,69.71,69.56,69.80,69.71,69.83,69.84,69.82,70.29,70.55,70.70,70.80,70.74
2021-8-20 0:44:44,70.85,71.05,71.09,71.19,70.76,70.72,70.98,70.20,69.97,69.31,68.95,69.11,69.31,69.66,69.42,69.08,68.97,68.68,68.23,68.26
2021-8-20 0:44:45,68.39,68.37,68.51,68.36,67.98,67.31,66.97,66.51,66.31,66.39,65.66,65.68,65.54,65.85,66.72,67.56,67.85,67.79,68.13,67.85
2021-8-20 0:44:46,67.76,67.69,67.65,67.71,68.25,68.92,68.86,68.80,67.75,66.87,66.14,65.56,66.12,66.21,66.89,67.38,66.57,66.06,65.61,65.08
2021-8-20 0:44:47,65.27,65.29,64.68,64.67,64.57,64.79,65.12,65.48,65.75,65.65,65.74,65.49,65.02,64.51,64.47,64.19,64.35,64.61,63.92,64.09
2021-8-20 0:44:48,64.20,64.45,64.71,64.96,64.98,64.79,65.02,64.72,64.43,64.69,64.63,64.95,65.67,65.97,66.02,65.76,65.73,65.07,64.91,64.76
2021-8-20 0:44:49,64.29,64.58,64.68,65.29,65.93,66.61,66.91,66.88,66.26,66.66,66.28,65.30,65.52,64.00,64.23,64.13,63.98,65.59,66.06,66.72
2021-8-20 0:44:50,68.33,67.84,68.27,69.57,68.25,67.77,66.56,64.86,64.50,64.65,66.13,67.63,68.77,69.32,69.83,69.88,70.21,70.04,68.97,68.43
2021-8-20 0:44:51,67.59,67.67,67.19,67.11,68.53,68.37,69.40,72.29,72.59,73.86,75.62,72.48,70.65,69.21,67.39,67.50,67.75,67.93,68.54,69.37
2021-8-20 0:44:52,69.70,70.83,69.48,68.65,68.29,67.42,67.02,66.81,66.77,66.58,67.10,67.62,67.81,67.83,67.60,67.32,67.13,67.37,67.73,68.16
2021-8-20 0:44:53,68.18,68.03,68.17,68.28,68.44,68.58,68.90,69.34,69.57,69.79,69.86,69.85,69.81,69.87,69.72,69.21,69.37,69.26,69.07,69.46,69.75
2021-8-20 0:44:54,69.53,69.80,69.60,69.28,69.93,70.19,70.02,70.16,69.34,68.98,69.09,68.97,69.37,70.08,69.95,69.52,69.32,68.96,69.33,69.79
2021-8-20 0:44:55,69.76,69.30,69.30,69.22,69.26,69.36,68.99,68.60,68.42,68.43,68.14,68.09,67.93,67.88,67.70,66.93,66.90,66.49,65.97,65.86,65.44
2021-8-20 0:44:56,64.72,64.85,64.85,64.92,64.87,64.67,64.98,64.66,64.74,64.26,64.08,64.02,63.83,64.08,64.27,64.73,65.75,66.91,66.99,67.46
2021-8-20 0:44:57,67.57,67.13,67.61,67.72,67.81,68.69,69.30,70.03,70.15,70.00,69.45,68.28,67.89,67.04,66.18,66.03,65.16,64.47,64.16,62.87
2021-8-20 0:44:58,62.29,62.22,61.87,61.87,62.07,61.98,62.39,63.36,63.72,64.74,65.03,65.25,65.77,66.15,66.45,66.81,67.50,67.26,67.59,68.02
2021-8-20 0:44:59,67.80,68.11,68.09,67.22,67.12,66.27,65.51,65.01,64.19,63.64,63.39,62.86,61.87,61.13,59.68,58.87,58.15,57.91,58.00,57.90
2021-8-20 0:45:0,57.94,57.34,57.32,57.09,57.16,57.29,57.39,57.61,57.85,58.43,58.28,58.07,58.05,57.61,57.81,58.41,57.83,57.84,57.10,56.48
2021-8-20 0:45:1,56.70,56.57,56.95,57.74,57.82,57.82,57.92,57.41,58.12,58.06,57.73,57.74,56.78,56.70,57.02,56.46,56.34,56.05,55.90,56.23
2021-8-20 0:45:2,55.85,55.89,55.81,55.98,56.26,56.39,56.19,56.09,56.35,55.96,55.89,55.64,55.80,56.34,56.27,56.08,56.15,56.06,56.47,56.78
2021-8-20 0:45:3,56.67,56.65,56.50,56.44,56.43,56.10,55.90,56.40,56.08,56.13,55.98,55.83,55.94,56.32,57.04,56.49,56.26,56.57,55.71,55.81
2021-8-20 0:45:4,55.64,55.37,55.67,55.82,56.25,55.83,56.07,55.97,55.48,55.84,56.02,55.96,56.07,55.76,55.33,55.61,55.26,55.23,55.58,55.05
2021-8-20 0:45:5,55.44,55.33,55.03,54.79,54.88,54.67,54.80,55.01,55.38,56.03,56.36,56.67,55.94,55.64,55.21,55.53,56.02,56.51,56.76,56.56
2021-8-20 0:45:6,57.25,57.39,57.62,57.54,56.86,56.67,56.74,56.80,57.27,57.48,57.68,58.49,58.74,59.66,60.12,60.61
2021-8-20 0:45:7,61.42,61.42,61.69,61.90,61.76,61.93,62.25,62.51,62.90,63.27,63.48,64.02,63.64,63.42,62.99,61.90,62.13,61.57,61.83,60.96,59.99
2021-8-20 0:45:8,59.64,58.39,58.17,58.55,58.87,59.29,59.88,59.88,59.57,59.59,59.30,58.49,58.63,58.51,58.80,59.00,58.57,58.39,58.23,58.48
2021-8-20 0:45:9,58.06,58.28,58.15,58.49,59.09,59.15,59.52,59.64,59.49,59.08,58.65,58.29,58.67,59.06,59.25,59.08,58.90,59.02,59.27,59.18
2021-8-20 0:45:10,59.33,59.08,58.76,58.54,58.47,58.12,58.43,58.96,58.81,58.75,58.37,57.78,58.08,58.43,58.66,59.22,59.02,58.98,58.88,58.82,58.31
2021-8-20 0:45:11,57.95,58.02,57.73,58.23,58.21,58.01,58.71,58.86,59.24,59.47,59.39,59.56,59.81,59.97,60.02,60.34,61.05,61.62,62.06,62.40
2021-8-20 0:45:12,62.11,62.63,63.28,63.73,64.83,65.13,65.63,65.86,66.20,66.92,67.57,67.92,68.22,67.90,67.91,68.29,67.78,68.07,67.79,67.29
2021-8-20 0:45:13,67.39,66.69,65.82,65.19,64.36,64.01,63.69,63.23,63.03,62.67,62.79,63.02,62.54,62.01,61.10,60.41,60.47,60.31,59.74,59.39
2021-8-20 0:45:14,58.71,58.38,58.24,58.15,58.20,58.33,58.78,59.23,59.42,59.93,59.88,59.21,59.14,58.66,58.72,59.11,59.29,59.48,59.72,59.54
2021-8-20 0:45:15,59.68,59.50,59.03,59.06,58.51,58.75,58.78,59.10,59.39,59.16,58.83,58.50,58.60,58.98,59.46,59.59,59.73,59.69,59.87,60.25
2021-8-20 0:45:16,60.21,60.42,60.95,61.27,61.63,61.48,61.38,61.55,61.73,62.37,62.41,62.57,63.10,62.84,62.88,62.79,62.57,62.92,63.09,62.87
2021-8-20 0:45:17,62.47,62.02,61.74,61.74,61.95,61.57,60.93,60.05,59.64,59.22,59.80,59.63,59.36,59.68,59.35,60.48,60.80,61.06,60.85,60.18
2021-8-20 0:45:18,59.67,59.74,60.81,61.06,61.23,60.63,60.15,59.99,59.85,60.44,59.80,59.61,59.98,59.88,60.51,60.67,60.57,60.64,60.55,60.35
2021-8-20 0:45:19,60.10,60.13,60.37,61.12,61.52,61.56,61.10,61.11,61.32,61.76,62.32,61.92,62.09,61.93,62.02,62.63,63.35,63.49,63.55,63.33
2021-8-20 0:45:20,62.62,62.75,62.31,62.52,62.67,62.18,61.87,62.20,62.14,62.31,62.84,62.42,62.43,62.44,62.29,61.84,61.97,61.87,61.82,61.98
2021-8-20 0:45:21,61.64,62.20,62.46,62.80,63.34,63.40,63.48,63.66,63.73,64.05,64.38,64.45,64.33,64.28,64.76,65.27,65.68,65.79,65.64,65.32,65.29
2021-8-20 0:45:22,65.32,65.20,65.56,65.30,64.29,63.82,63.65,63.64,63.97,64.23,64.27,64.12,64.76,65.43,65.29,65.12,65.28,65.20,65.44,66.41
2021-8-20 0:45:23,66.88,66.97,66.82,66.46,65.51,65.19,65.68,66.38,66.85,67.81,68.50,68.67,69.69,69.54,69.59,69.99,70.23,70.39,70.00,70.11
2021-8-20 0:45:24,70.44,70.70,71.91,72.66,72.76,73.50,73.41,72.96,73.08,73.86,74.46,75.42,75.66,75.51,75.07,74.58,74.01,73.50,73.44,73.18,73.37
2021-8-20 0:45:25,72.68,72.25,72.15,72.07,72.05,71.49,71.20,70.59,70.18,70.18,69.81,70.03,69.96,70.14,70.28,70.09,70.28,69.92,70.40,70.56,71.11
2021-8-20 0:45:26,71.47,70.84,71.26,71.16,70.94,71.20,70.31,69.94,70.12,69.80,69.77,69.54,68.86,69.07,68.76,68.94,69.07,68.35,68.19,67.39
2021-8-20 0:45:27,67.44,67.69,68.17,68.13,68.57,68.63,68.23,68.08,67.31,66.98,66.54,66.63,66.34,66.33,66.90,66.68,66.79,66.55,66.28,66.56
2021-8-20 0:45:28,66.33,66.72,66.57,66.42,66.97,66.91,67.10,66.99,67.01,66.69,66.45,66.02,65.34,65.55,65.62,65.49,65.82,64.89,64.43,64.87
2021-8-20 0:45:29,64.83,64.83,65.08,64.43,64.40,64.20,64.15,64.24,63.29,63.85,63.42,63.71,64.51,64.01,64.24,64.01,63.42,63.58,63.62,63.66
2021-8-20 0:45:30,63.83,63.96,63.86,64.01,63.97,63.83,63.49,63.96,63.92,63.42,63.57,62.69,62.94,63.32,63.23,63.51,62.99,62.79,62.67,62.33
2021-8-20 0:45:31,62.94,63.08,62.95,63.06,62.31,61.90,61.60,61.97,62.08,62.12,62.23,61.53,61.94,61.93,62.19,62.44,62.41,62.89,63.41,63.62
2021-8-20 0:45:32,63.19,62.36,62.08,62.07,62.41,62.76,62.93,62.21,62.40,62.46,62.36,63.22,62.63,63.20,63.03,62.98,63.56,63.05,63.64,63.25
2021-8-20 0:45:33,63.11,63.66,63.37,63.82,63.73,63.96,64.23,64.02,64.86,64.68,64.22,64.69,64.30,64.56,64.79,64.94,64.71,64.62,64.51,63.92
2021-8-20 0:45:34,63.82,63.48,63.87,64.16,64.39,64.23,63.78,64.10,64.57,64.54,65.13,64.84,64.81,65.41,65.45,65.01,64.06,63.77,64.13,65.40
2021-8-20 0:45:35,66.14,66.66,66.44,66.43,66.06,65.96,66.55,66.26,67.08,67.42,67.25,67.92,68.27,68.83,69.06,69.37,69.52,69.50,70.17,70.54
2021-8-20 0:45:36,71.51,71.84,71.74,71.71,70.77,70.89,71.19,71.45,72.94,74.16,75.59,76.46,76.59,75.97,74.75,74.33,74.43,75.41,76.33,77.00
2021-8-20 0:45:37,77.23,76.72,75.88,76.07,75.47,75.54,75.75,74.73,74.46,73.50,73.54,73.40,73.88,75.27,75.49,75.57,75.46,74.83,75.14,75.75
2021-8-20 0:45:38,75.93,76.25,76.60,76.52,76.17,76.10,75.41,73.98,73.46,72.29,71.39,72.10,72.19,71.52,71.09,70.47,69.53,69.28,69.34,68.81,68.22
2021-8-20 0:45:39,68.49,67.92,67.63,67.91,67.91,67.92,68.46,68.94,68.00,68.27,67.62,67.14,67.80,67.26,67.76,67.56,67.35,67.55,66.99,67.10
2021-8-20 0:45:40,66.64,65.81,65.21,64.91,64.91,65.50,65.50,65.77,65.78,66.04,66.30,65.84,66.46,65.69,65.50,65.58,65.01,65.15,65.54,65.41
2021-8-20 0:45:41,64.90,64.93,64.75,64.82,65.25,65.60,66.07,65.57,66.35,66.27,65.87,66.29,65.33,64.80,64.75,64.38,64.60,64.82,64.67,64.52
2021-8-20 0:45:42,64.71,64.59,64.50,64.66,64.44,64.29,64.25,64.50,63.93,63.87,64.25,64.26,64.38,64.10,64.38,64.38,64.34,64.68,64.16,63.97
2021-8-20 0:45:43,64.33,64.34,64.62,64.04,64.32,64.70,64.15,64.88,64.13,63.74,64.21,64.13,64.52,64.51,63.94,63.61,63.97,63.80,64.27,64.31
2021-8-20 0:45:44,63.86,64.24,64.04,63.95,64.00,63.97,64.27,64.32,64.27,64.30,63.73,63.85,63.78,64.28,64.54,64.72,64.98,64.36,64.82,65.07
2021-8-20 0:45:45,65.61,65.59,65.62,65.25,65.01,65.44,65.63,65.84,65.69,65.58,65.45,65.54,65.64,66.14,66.46,67.20,67.47,67.08,66.59,66.11
2021-8-20 0:45:46,66.65,66.90,67.38,67.94,67.50,67.77,67.58,67.84,68.31,68.40,69.68,70.03,70.45,71.03,70.78,71.10,71.70,72.49,73.23,74.28
2021-8-20 0:45:47,74.42,74.69,74.48,73.64,73.63,73.20,72.89,72.40,71.95,71.25,70.90,70.54,70.35,70.20,69.60,69.99,69.89,69.76,69.91,69.07
2021-8-20 0:45:48,68.53,68.27,68.55,68.52,69.12,69.68,70.35,71.26,71.33,71.27,70.27,69.89,69.33,69.75,70.25,70.51,70.82,70.34,70.47,70.25
2021-8-20 0:45:49,70.51,70.83,71.01,71.14,71.08,71.14,71.13,71.22,71.01,70.54,70.39,70.40,70.85,71.29,71.81,72.70,73.31,74.00,74.46,74.42
2021-8-20 0:45:50,74.86,75.59,75.86,75.77,75.49,75.17,75.53,75.84,75.88,75.86,75.60,76.04,76.68,76.86,77.49,77.43,77.81,77.79,77.82,78.07,77.73
2021-8-20 0:45:51,78.12,77.87,77.78,77.61,77.74,77.69,77.73,77.66,76.74,75.65,74.56,73.19,71.88,71.20,70.07,69.19,68.60,67.78,67.42,67.12
2021-8-20 0:45:52,67.16,66.83,66.27,65.74,65.21,64.66,64.22,64.09,63.51,63.58,63.15,62.70,62.92,62.65,62.77,63.14,63.07,62.94,63.16,62.88,62.41
2021-8-20 0:45:53,62.28,62.44,62.08,62.31,62.07,61.42,61.90,61.61,61.73,62.54,62.22,62.60,62.85,62.53,62.65,62.58,62.57,62.36,62.27,62.44
2021-8-20 0:45:54,62.61,62.84,63.53,63.97,64.46,64.70,65.40,66.09,66.66,67.21,66.84,67.11,66.98,67.44,67.61,67.70,67.72,67.83,68.02,67.42,67.77
2021-8-20 0:45:55,67.78,68.13,69.15,69.12,68.90,69.32,69.13,68.79,69.11,69.07,69.52,69.62,69.78,70.34,69.33,69.84,70.34,69.75,70.41,70.98
2021-8-20 0:45:56,70.66,71.62,72.26,72.59,72.36,71.65,71.34,70.81,71.23,71.59,71.67,71.78,72.19,71.53,70.77,70.20,69.76,69.84,70.08,70.53
2021-8-20 0:45:57,69.77,69.23,68.86,68.89,69.09,68.99,68.46,67.46,66.56,66.05,66.55,66.45,66.84,66.73,65.76,65.89,65.04
2021-8-20 0:45:58,65.10,64.94,64.51,64.76,64.64,64.43,64.23,63.92,63.52,64.05,64.04,64.41,64.87,64.14,64.50,64.60,64.51,65.05,64.73,65.12
2021-8-20 0:45:59,65.44,66.00,66.39,66.64,66.85,67.34,67.44,67.72,68.62,69.29,70.97,72.23,72.75,73.08,73.02,73.06,73.03,73.37,73.73,74.08
2021-8-20 0:46:0,73.99,74.05,73.47,72.46,72.02,71.72,70.73,70.23,69.84,68.54,68.51,68.30,67.55,66.91,66.41,65.70,65.51,65.32,64.95,64.16
2021-8-20 0:46:1,63.47,62.77,62.07,61.89,61.57,61.72,61.14,60.82,60.77,60.65,60.97,61.17,60.89,60.62,60.55,60.31,60.99,60.90,60.97,60.82,60.57
2021-8-20 0:46:2,60.89,60.77,61.09,60.53,60.03,59.91,59.76,60.20,60.31,61.05,61.37,61.53,61.91,61.76,61.96,62.09,62.20,61.75,61.96,62.14
2021-8-20 0:46:3,62.14,62.97,63.19,63.11,63.33,63.03,62.63,62.24,62.68,62.99,63.59,64.86,64.88,64.92,65.25,64.51,63.88,63.34,62.35,62.03
2021-8-20 0:46:4,61.80,61.39,61.45,61.32,61.36,61.76,61.67,61.50,61.55,61.85,62.06,62.91,63.14,62.92,62.39,62.04,61.56,61.48,62.18,61.69
2021-8-20 0:46:5,61.86,62.02,61.93,62.23,63.07,63.84,63.38,63.48,63.31,62.97,63.10,63.30,62.92,62.90,62.91,62.32,62.66,62.38,61.98,62.02
2021-8-20 0:46:6,60.91,60.90,61.52,61.72,62.02,61.62,60.83,60.46,60.47,59.80,59.99,60.06,59.73,59.91,59.91,60.02,60.43,60.72,60.81,60.76
2021-8-20 0:46:7,61.11,61.38,61.51,61.31,61.05,60.63,60.67,61.11,61.41,61.13,60.99,61.21,60.75,61.25,61.15,60.93,60.76,61.01,60.95,61.29
2021-8-20 0:46:8,61.71,61.43,61.70,61.40,61.39,61.68,62.04,61.67,60.86,60.51,60.02,59.84,60.65,60.54,60.13,59.85,59.39,59.38,59.94,60.38
2021-8-20 0:46:9,60.09,59.91,59.43,59.51,60.18,60.38,59.87,59.39,58.76,58.77,59.12,59.08,58.75,58.41,58.90,59.04,59.54,59.14,58.68,59.44
2021-8-20 0:46:10,59.33,59.73,59.38,58.69,59.05,58.74,58.88,58.94,59.20,59.47,59.43,59.21,58.94,59.37,59.78,59.66,59.43,59.34,58.97,59.08
2021-8-20 0:46:11,59.13,59.50,59.44,59.26,59.26,59.16,59.44,59.86,59.93,59.98,59.68,59.38,59.41,59.14,59.29,59.36,59.13,59.22,59.21,59.50
2021-8-20 0:46:12,59.45,59.76,59.67,59.08,58.94,58.50,58.62,58.70,59.05,58.98,58.92,59.01,58.83,58.44,58.56,58.29,58.63,58.64,58.71,59.15
2021-8-20 0:46:13,59.21,59.53,59.07,59.18,59.32,59.04,59.19,59.43,59.08,59.31,59.09,58.66,58.79,58.39,58.33,58.96,58.25,58.02,58.75,58.50,59.17
2021-8-20 0:46:14,59.42,59.73,59.15,58.55,59.01,58.35,58.69,58.71,59.15,58.98,58.45,58.65,58.47,58.88,59.88,59.28,58.80,58.78,57.78,58.52
2021-8-20 0:46:15,58.74,58.14,58.50,58.59,58.17,58.23,58.25,58.21,58.20,58.20,57.47,57.82,57.60,58.65,59.72,59.37,59.48,58.97,58.77,58.16
2021-8-20 0:46:16,58.00,57.82,57.77,58.09,58.27,58.85,58.76,58.55,59.17,58.66,58.45,58.75,58.36,58.44,58.60,59.17,59.25,58.88,58.43,58.28,58.24
2021-8-20 0:46:17,58.28,58.83,58.12,57.56,57.78,57.86,58.01,58.00,58.22,57.90,57.71,58.22,58.58,58.78,59.35,59.12,59.15,58.68,57.81,58.31
2021-8-20 0:46:18,58.46,58.92,59.17,59.06,58.24,58.23,58.77,58.93,59.13,59.01,59.23,58.90,58.76,58.64,58.51,58.65,58.40,58.87,58.49,57.92
2021-8-20 0:46:19,58.08,58.53,58.46,58.65,59.25,58.62,58.60,59.24,59.43,59.70,60.29,59.96,59.74,59.61,59.21,59.32,59.23,59.17,59.37,59.86
2021-8-20 0:46:20,59.78,59.34,59.75,59.48,59.68,60.27,60.51,60.03,59.61,59.88,59.17,59.05,59.21,59.26,59.64,59.91,60.38,60.30,60.18,60.30
2021-8-20 0:46:21,60.27,60.27,60.24,60.10,60.17,59.83,59.59,60.15,60.20,60.63,61.04,61.17,60.26,59.82,59.71,59.40,59.69,59.68,60.49,60.47
2021-8-20 0:46:22,60.29,60.77,60.69,60.76,60.80,60.75,60.25,59.78,59.77,59.44,59.47,59.35,58.96,59.22,58.49,58.57,59.43
2021-8-20 0:46:23,59.42,59.91,60.05,59.46,59.23,58.97,59.51,59.60,60.04,60.38,60.01,60.23,60.22,59.95,59.84,60.24,60.03,60.08,59.40,59.43
2021-8-20 0:46:24,59.15,59.22,60.31,60.07,60.04,60.01,59.75,59.53,59.89,59.18,59.57,60.07,59.92,60.87,60.34,59.72,59.66,59.90,60.39,60.06
2021-8-20 0:46:25,60.38,60.42,60.24,60.74,60.46,60.28,60.26,60.83,60.64,60.27,59.93,59.39,59.60,59.84,59.83,60.06,59.59,59.17,59.62,59.56
2021-8-20 0:46:26,60.27,60.19,60.09,60.04,59.25,59.23,59.69,59.56,59.81,60.25,59.74,59.18,59.50,59.87,59.49,60.28,60.82,60.21,59.90,59.94,59.20
2021-8-20 0:46:27,59.10,59.41,59.80,59.50,59.47,60.11,59.53,59.94,60.15,60.36,60.41,60.46,60.37,59.73,60.15,60.38,60.33,60.93,60.36,60.16
2021-8-20 0:46:28,60.30,60.10,60.40,60.48,60.18,60.66,60.58,60.62,60.75,60.17,59.99,60.02,60.47,60.32,60.53,60.18,60.32,60.46,60.16,60.54
2021-8-20 0:46:29,59.88,59.60,59.49,59.71,59.88,59.69,60.41,59.90,59.59,59.40,59.20,59.21,59.39,60.11,59.70,59.81,60.07,60.11,59.84,59.72
2021-8-20 0:46:30,59.91,59.88,59.90,59.71,59.77,59.45,60.09,60.28,60.39,60.49,59.87,60.13,59.77,59.95,60.58,60.32,59.73,59.51,59.46,59.31
2021-8-20 0:46:31,60.18,60.00,60.08,60.76,60.13,60.73,60.54,60.23,60.53,60.68,60.70,60.61,60.86,60.50,60.09,60.11,60.35,60.11,60.04,60.21
2021-8-20 0:46:32,59.71,59.72,59.77,60.05,60.04,60.41,61.48,61.07,60.40,60.01,59.89,59.86,60.48,60.88,60.06,59.92,60.24,60.66,60.95,61.20
2021-8-20 0:46:33,60.88,60.27,60.39,60.24,60.56,60.52,59.72,59.71,59.77,59.54,60.08,60.39,60.30,60.48,60.94,60.80,60.07,60.07,60.05,60.21
2021-8-20 0:46:34,60.75,60.24,60.14,60.36,60.27,60.56,60.48,60.11,60.15,60.68,60.29,59.95,59.94,59.44,60.17,60.24,60.31,61.00,60.87,61.09
2021-8-20 0:46:35,61.30,61.49,60.81,60.96,60.98,60.75,61.00,60.36,60.08,59.93,60.08,60.50,60.53,60.13,59.79,59.69,60.16,60.35,60.68,60.61
2021-8-20 0:46:36,60.34,60.39,60.41,60.91,60.42,60.05,59.95,60.05,59.97,60.06,59.59,59.39,59.82,60.16,60.73,59.94,59.39,59.13,58.84,59.05
2021-8-20 0:46:37,59.51,59.77,60.33,60.67,60.45,60.66,60.50,60.58,60.50,60.11,59.79,59.54,59.51,60.14,60.41,60.76,61.32,60.86,60.67,60.54
2021-8-20 0:46:38,61.00,60.97,60.87,60.86,60.56,60.55,60.16,60.12,59.57,59.23,59.35,59.52,59.46,59.42,59.75,59.73,59.85,59.78,59.99,59.95
2021-8-20 0:46:39,60.11,60.46,60.67,60.55,60.75,60.55,60.55,60.40,60.28,60.69,60.90,61.34,61.21,61.23,60.80,60.13,60.40,60.39,60.14,60.20
2021-8-20 0:46:40,60.24,59.74,59.69,59.88,59.89,60.39,60.02,60.42,59.72,59.11,59.64,59.98,60.21,60.13,60.21,60.06,59.88,60.17,59.99,59.85,59.90
2021-8-20 0:46:41,60.15,60.43,60.38,60.62,60.36,60.29,60.33,59.76,59.84,59.85,59.18,59.48,59.64,59.57,59.79,60.15,60.26,60.10,60.70,60.81
2021-8-20 0:46:42,60.45,60.56,60.08,60.23,60.53,60.71,60.88,60.35,60.43,60.09,59.78,59.93,59.77,60.14,60.00,59.91,59.20,59.49,59.56,59.21
2021-8-20 0:46:43,59.92,59.69,59.88,60.36,60.77,60.64,60.53,60.43,60.31,59.96,59.56,59.96,59.41,59.13,59.42,59.42,59.68,60.46,60.87,60.33
2021-8-20 0:46:44,60.02,59.61,59.63,59.62,59.89,59.70,59.53,59.36,59.34,60.05,59.91,60.30,60.17,59.92,60.18,60.29,60.09,59.66,59.13,58.83
2021-8-20 0:46:45,59.18,59.53,59.68,59.31,59.26,59.03,58.84,59.48,59.43,59.57,59.61,59.40,59.22,58.88,58.90,58.65,58.89,59.37,59.60,59.65
2021-8-20 0:46:46,59.30,59.53,59.35,59.03,59.55,59.43,59.19,59.76,59.36,58.94,59.40,59.29,59.74,59.59,59.44,59.56,59.46,59.93,59.81,59.97
2021-8-20 0:46:47,59.99,59.72,59.75,59.79,60.39,60.32,60.45,60.29,59.61,59.46,59.52,59.93,59.67,60.28,60.79,60.41,60.34,60.42,60.48,60.49
2021-8-20 0:46:48,61.15,60.91,60.52,60.50,59.75,59.79,59.58,59.50,59.88,60.34,60.49,60.23,60.50,60.51,60.51,60.56,60.43,59.80
2021-8-20 0:46:50,59.57,59.55,59.47,59.38,59.82,60.95,60.94,60.53,60.56,60.10,60.04,60.34,60.21,59.83,59.88,59.83,59.98,59.74,59.52,59.68
2021-8-20 0:46:51,59.71,59.60,59.69,60.28,60.04,60.29,60.32,60.16,60.58,60.17,60.66,60.29,59.51,59.77,59.80,60.31,60.57,60.71,61.13,60.92
2021-8-20 0:46:52,60.58,60.69,59.98,59.66,59.80,60.41,60.04,59.90,59.84,59.73,60.02,59.77,60.44,59.83,59.94,60.47,60.85,60.68,60.56,60.44,59.96
2021-8-20 0:46:53,60.05,59.69,60.13,59.91,59.57,60.00,59.86,59.53,59.84,59.91,59.22,59.33,59.72,59.69,60.01,60.29,60.51,60.60,60.99,61.24,60.74
2021-8-20 0:46:54,60.33,60.01,60.31,60.48,60.07,60.10,59.86,59.84,59.98,60.64,60.41,60.41,60.49,59.86,59.74,59.10,59.43,60.10,59.71,60.36
2021-8-20 0:46:55,59.83,59.73,59.73,59.35,59.79,59.71,60.38,60.86,60.92,60.57,60.32,60.49,60.32,59.94,59.58,59.95,60.15,60.11,60.51,60.14
2021-8-20 0:46:56,60.11,60.60,61.14,60.90,61.06,61.00,60.96,61.27,61.26,61.56,60.80,60.54,60.67,60.65,60.94,60.44,60.54,60.33,60.10,60.80
2021-8-20 0:46:57,61.14,61.18,61.04,60.57,60.16,59.94,60.51,60.74,60.19,60.09,59.89,60.34,60.92,61.25,61.38,60.92,60.73,60.20,60.28,60.41
2021-8-20 0:46:58,60.57,61.03,60.77,60.35,59.94,60.03,60.09,62.29,61.98,62.40,62.51,60.25,60.81,60.29,59.88,60.11,60.01,60.07,60.39,60.05
2021-8-20 0:46:59,59.92,59.88,59.59,59.72,59.94,59.76,59.62,59.90,59.82,59.77,59.81,59.63,59.21,58.99,59.52,59.57,59.87,60.24,60.22,60.44
2021-8-20 0:47:0,60.37,60.34,59.85,59.41,59.36,59.35,59.56,59.62,59.86,60.06,59.78,59.73,60.44,60.07,59.59,60.29,59.36,59.28,60.04,60.30
2021-8-20 0:47:1,59.93,60.07,60.01,59.08,59.40,59.58,59.87,59.88,60.10,60.41,59.84,59.54,59.43,59.45,59.39,59.84,59.75,59.27,59.51,59.25
2021-8-20 0:47:2,59.32,59.23,59.13,59.70,60.10,60.25,59.80,59.62,59.76,59.60,60.09,60.36,59.64,59.80,59.79,59.51,59.42,59.63,59.64,59.52,59.69
2021-8-20 0:47:3,59.55,59.57,59.46,59.56,59.74,60.23,59.99,60.22,60.53,60.35,60.47,60.57,59.70,59.69,60.12,60.34,60.67,60.61,60.18,60.10
2021-8-20 0:47:4,60.08,59.49,59.88,59.08,58.67,59.51,59.49,59.64,59.70,60.00,59.96,60.19,60.37,60.39,60.32,60.44,60.52,59.86,59.85,59.85,60.21
2021-8-20 0:47:5,60.28,60.24,60.06,60.38,60.39,60.52,60.72,60.51,60.43,60.40,60.95,60.82,60.62,60.73,60.32,59.85,60.12,60.46,60.17,60.35,60.36
2021-8-20 0:47:6,60.00,60.15,60.45,60.78,60.80,60.74,60.91,61.05,60.91,61.08,61.62,61.48,61.11,60.95,60.19,60.25,60.37,60.70,60.92,61.05
2021-8-20 0:47:7,61.40,61.46,61.14,60.73,61.29,61.02,60.67,60.80,60.93,61.07,61.09,60.79,60.35,60.59,60.78,60.91,61.04,60.95,62.39,64.10
2021-8-20 0:47:8,66.04,68.25,69.26,70.32,71.29,71.93,72.88,73.98,73.84,74.87,75.19,74.85,75.53,75.10,75.37,75.76,75.85,76.37,76.69,76.95
2021-8-20 0:47:9,77.01,77.10,76.50,76.32,76.38,75.84,76.28,75.94,76.00,75.81,76.08,76.15,76.17,76.03,75.62,75.88,76.02,77.27,77.02,76.93
2021-8-20 0:47:10,76.97,75.90,75.94,76.04,75.72,76.02,76.27,75.89,75.89,75.51,75.17,75.18,74.83,75.51,75.63,75.81,75.87,75.58,75.85,75.67
2021-8-20 0:47:11,75.77,75.44,74.81,74.70,74.32,73.97,74.09,73.64,73.73,73.16,72.34,72.21,71.61,71.94,72.12,71.43,71.61,71.48,71.51,71.72
2021-8-20 0:47:12,71.61,71.62,71.58,71.93,71.74,70.97,70.39,70.04,69.73,70.30,70.23,69.83,69.86,68.99,68.98,69.08,68.11,67.93,67.82,67.84
2021-8-20 0:47:13,68.44,69.04,69.18,68.79,68.50,68.28,67.88,67.99,67.95,67.72,67.78,67.78,68.57,68.87,69.20,69.50,69.39,69.75,69.96,70.05
2021-8-20 0:47:14,70.15,70.03,70.05,70.41,70.58,71.15,71.52,72.00,72.63,72.75,73.37,73.42,73.35,73.71,74.31,74.46,74.92,75.19,75.11
2021-8-20 0:47:15,75.67,76.38,76.46,76.95,77.46,77.14,77.98,77.92,77.46,77.22,76.09,74.72,74.09,72.64,72.08,71.89,71.48,71.40,70.65,70.23,70.16
2021-8-20 0:47:16,70.72,71.24,71.55,71.10,70.76,70.53,70.50,70.37,70.28,70.12,69.29,69.63,69.90,70.01,70.25,69.70,69.09,68.44,68.84,68.80
2021-8-20 0:47:17,69.19,69.37,68.72,68.61,68.13,68.23,68.47,68.49,69.13,69.12,69.17,69.32,68.74,68.93,69.51,69.64,69.86,69.63,68.83,68.69
2021-8-20 0:47:18,68.56,68.44,68.66,68.39,68.14,68.31,68.07,68.30,68.60,68.70,68.94,69.01,69.39,69.52,69.26,69.12,69.18,69.40,70.07,70.76
2021-8-20 0:47:19,70.48,70.73,70.71,70.44,70.67,70.11,70.18,70.15,70.29,70.41,70.13,70.48,70.17,70.40,71.33,71.55,71.58,71.67,71.78,72.16
2021-8-20 0:47:20,72.84,73.04,72.83,72.50,72.39,72.66,72.69,73.10,72.78,72.26,72.11,71.93,72.24,72.44,72.33,71.69,70.75,70.25,69.42,68.81,69.08
2021-8-20 0:47:21,68.59,68.75,68.55,68.53,68.61,68.82,69.10,69.29,69.87,70.10,70.98,71.99,72.95,73.30,73.70,73.48,73.57,74.18,73.73,72.90
2021-8-20 0:47:22,71.68,69.84,68.82,68.40,68.02,67.94,67.58,67.36,66.72,67.06,66.92,67.03,67.29,67.03,67.55,67.08,66.89,66.66,66.20,65.97
2021-8-20 0:47:23,66.39,66.46,66.88,67.29,66.88,66.43,66.34,66.41,67.02,67.57,67.58,67.59,67.89,67.49,67.38,67.51,67.40,68.30,69.12,69.64
2021-8-20 0:47:24,69.79,69.96,70.15,70.45,71.13,71.21,71.51,72.03,72.58,72.97,72.62,72.45,72.89,73.56,74.06,74.29,74.13,74.70,74.76,74.83,74.61
2021-8-20 0:47:25,74.51,74.87,74.75,74.59,74.03,73.65,73.35,72.83,72.37,71.49,71.24,70.92,70.56,70.81,70.19,69.97,70.21,70.07,70.65,70.63
2021-8-20 0:47:26,69.99,70.20,70.35,70.39,71.35,71.38,71.70,71.80,71.32,71.43,70.91,70.89,70.89,70.88,71.01,71.60,72.21,72.52,73.65,73.90
2021-8-20 0:47:27,74.11,74.07,73.23,72.82,72.16,70.99,69.93,68.51,66.92,65.94,64.90,63.96,63.72,63.63,63.10,63.18,62.41,62.06,61.93,61.65
2021-8-20 0:47:28,62.08,61.99,61.90,61.94,61.88,62.10,62.67,62.89,62.71,62.69,62.49,62.74,62.91,62.84,63.45,63.35,63.18,63.37,62.71,62.36
2021-8-20 0:47:29,62.74,62.46,63.04,63.17,63.24,63.57,63.11,63.47,63.58,63.53,63.35,63.08,62.70,62.24,62.52,61.94,61.75,62.40,62.74,63.12
2021-8-20 0:47:30,63.51,63.81,63.42,63.45,63.26,62.82,62.87,63.39,63.78,64.16,64.51,64.73,65.16,65.10,65.33,65.10,64.81,64.88,65.17,65.87
2021-8-20 0:47:31,66.67,67.70,68.43,69.15,69.58,69.89,69.83,69.89,70.05,69.86,69.95,69.96,69.73,69.60,69.34,69.06,68.97,68.35,67.76,66.58
2021-8-20 0:47:32,65.58,65.31,65.06,65.23,64.81,64.00,63.68,63.34,63.01,63.33,62.84,62.20,62.46,62.17,62.47,63.33,63.26,63.81,63.80,63.61
2021-8-20 0:47:33,64.03,63.89,64.03,64.13,64.26,64.52,64.44,64.64,64.48,64.62,65.50,65.38,65.77,65.66,65.04,65.19,64.93,65.23,65.82,66.01
2021-8-20 0:47:34,67.13,67.83,68.33,69.32,69.12,69.35,70.22,70.63,70.81,71.07,70.45,70.09,69.63,69.17,68.93,68.31,68.47,67.59,66.48,66.25
2021-8-20 0:47:35,65.24,64.65,63.85,62.90,63.31,63.54,63.74,63.46,62.47,62.23,62.28,62.51,62.27,61.82,61.94,62.13,62.87,62.89,62.91,62.72
2021-8-20 0:47:36,62.07,62.43,61.78,61.48,62.22,61.97,62.39,62.41,61.74,62.25,62.82,63.20,63.74,63.12,62.71,62.99,63.50,64.78,65.62,66.33
2021-8-20 0:47:37,66.56,65.82,65.40,64.76,63.98,64.37,63.98,63.73,63.41,62.62,63.38,63.63,63.89,64.40,64.28,63.92,64.27,64.41,64.29,64.82
2021-8-20 0:47:38,64.82,64.91,64.80,64.99,64.99,65.58,66.17,66.16,66.71,66.08,65.63,65.53,64.95,65.22,65.42,65.77,66.08,65.50,65.41,64.65,64.49
2021-8-20 0:47:39,64.77,64.54,64.77,64.53,64.32,64.74,64.50,64.49,64.36,63.15,62.96,62.52,62.66,62.74,62.83,63.15,63.03,63.20,62.75
2021-8-20 0:47:40,61.91,61.78,61.71,61.95,62.60,62.52,62.53,62.77,62.72,62.64,62.43,60.99,60.19,60.13,59.58,59.84,60.02,59.36,59.14,58.77,58.08
2021-8-20 0:47:41,58.47,58.18,58.67,59.22,59.07,59.20,59.50,59.15,58.94,59.58,58.90,59.08,59.14,58.82,59.02,59.17,58.83,58.94,59.13,59.01,59.65
2021-8-20 0:47:42,59.63,59.41,59.58,59.34,59.18,59.28,59.20,59.14,59.40,59.81,60.05,59.80,59.59,59.49,58.90,59.22,59.67,59.58,60.06,60.26
2021-8-20 0:47:43,59.70,60.16,60.39,60.33,60.70,60.33,60.19,60.39,60.57,60.93,61.12,61.28,61.49,61.20,60.97,60.82,60.41,60.55,60.55,60.33
2021-8-20 0:47:44,60.44,60.16,59.84,59.53,59.21,58.63,59.01,59.60,60.01,60.81,60.55,59.82,59.65,59.13,58.91,59.10,58.97,58.94,59.10,59.24
2021-8-20 0:47:45,59.59,60.23,60.44,60.38,60.21,60.26,60.33,60.41,60.39,60.85,60.44,60.90,61.43,61.09,61.37,60.83,60.34,59.10,58.90,58.77
2021-8-20 0:47:46,58.37,58.71,58.24,58.26,58.11,58.34,59.06,58.93,58.87,58.31,57.37,57.20,57.24,57.63,58.59,58.46,58.37,58.46,57.91,58.29
2021-8-20 0:47:47,58.30,57.80,57.74,57.77,57.86,58.39,58.74,58.82,59.15,59.10,58.61,58.65,58.06,58.27,58.69,58.61,59.28,59.04,59.39,59.21
2021-8-20 0:47:48,58.73,58.93,58.95,59.35,59.90,60.14,60.26,60.16,60.35,60.36,60.59,61.15,60.93,61.08,61.21,60.72,60.82,60.42,60.39,60.66
2021-8-20 0:47:49,60.74,60.69,60.37,60.57,60.30,60.56,60.81,60.51,61.05,61.58,61.23,60.57,59.63,58.76,58.37,58.55,58.47,58.81,59.29,59.48
2021-8-20 0:47:50,59.61,59.31,58.92,58.79,59.14,59.22,58.92,58.60,58.64,58.24,58.45,58.93,58.80,59.57,59.94,59.90,59.78,59.47,59.55,59.92
2021-8-20 0:47:51,59.82,60.09,60.00,59.62,60.22,60.16,59.83,60.06,59.92,59.27,59.17,58.64,58.31,58.56,58.55,58.62,58.77,58.79,58.51,58.60,58.65
2021-8-20 0:47:52,59.06,59.67,59.50,59.54,59.57,59.49,59.16,59.25,59.18,58.84,59.40,58.80,58.94,59.31,59.01,59.27,58.55,59.03,59.69,60.25
2021-8-20 0:47:53,61.35,60.81,60.51,60.83,60.38,60.82,61.95,60.97,60.70,60.47,59.54,59.99,60.53,60.67,61.41,61.75,61.00,61.63,60.77,60.92,61.32
2021-8-20 0:47:54,61.35,62.34,62.23,62.98,62.93,62.13,62.32,62.08,61.88,62.25,62.45,62.57,62.50,62.94,62.62,62.95,63.47,63.66,64.17,63.91
2021-8-20 0:47:55,64.29,64.19,64.81,65.79,66.05,66.67,66.89,66.70,66.59,66.58,66.01,66.43,66.41,66.57,66.68,66.34,66.83,66.65,67.69,68.16,68.40
2021-8-20 0:47:56,68.96,68.22,68.06,67.86,67.98,68.71,68.52,68.35,67.88,67.55,68.12,68.77,69.10,69.16,69.34,69.39,69.31,68.76,68.08,67.37
2021-8-20 0:47:57,67.16,67.25,67.51,67.25,66.82,66.97,66.31,66.89,67.03,67.18,68.48,68.82,69.27,70.16,69.79,69.77,69.74,68.94,68.27,67.53
2021-8-20 0:47:58,66.71,65.93,66.34,66.82,68.24,69.19,69.56,69.35,67.89,66.72,65.44,64.78,64.91,65.37,65.34,65.16,65.25,64.99,64.89,64.45
2021-8-20 0:47:59,64.60,64.63,64.62,65.13,64.55,64.48,64.10,64.04,64.15,63.82,64.17,63.72,63.25,62.56,61.68,61.26,61.02,61.65,62.92,63.18
2021-8-20 0:48:0,63.26,63.71,62.81,63.00,63.34,62.34,62.74,62.26,61.87,62.34,61.99,62.29,62.29,62.11,62.20,61.95,61.47,60.96,60.74,61.12
2021-8-20 0:48:1,61.53,61.55,61.65,61.63,62.26,62.52,62.18,61.92,61.46,61.53,62.14,62.29,62.24,62.00,61.16,60.68,60.85,61.25,61.55,61.84
2021-8-20 0:48:2,61.59,61.62,62.19,62.08,62.61,62.58,62.49,63.33,63.58,64.08,64.36,64.37,64.09,64.35,64.48,64.71,65.35,65.45,65.98,66.23
2021-8-20 0:48:3,65.99,65.59,65.33,64.87,65.13,65.45,65.37,65.96,66.20,66.87,67.64,67.45,67.51,66.90,66.94,67.73,67.60,67.51,65.91,64.81,63.25
2021-8-20 0:48:4,62.31,62.75,62.09,62.43,62.39,62.14,62.66,63.02,63.04,63.24,62.87,62.63,62.82,62.34,62.39,62.53,62.48,62.37,61.91,61.21
2021-8-20 0:48:5,61.21,61.40,61.62,61.62,61.64,60.84,60.87,60.77,60.77,60.80,61.10,60.90,60.56,61.83,60.95
2021-8-20 0:48:6,61.80,61.90,60.86,60.91,59.99,60.39,60.55,60.58,61.68,60.97,60.94,60.99,60.43,60.74,60.46,60.18,60.15,60.21,60.45,60.47
2021-8-20 0:48:7,60.23,59.83,59.36,59.47,59.07,58.41,58.27,58.68,58.71,59.10,59.15,58.75,58.94,59.34,59.71,59.52,59.51,58.90,58.82,59.01
2021-8-20 0:48:8,58.95,58.78,58.72,58.05,58.05,57.84,57.56,57.73,57.68,58.65,58.98,59.06,59.64,59.38,59.15,59.57,58.87,58.75,58.83,58.54
2021-8-20 0:48:9,58.65,58.94,59.07,59.11,59.31,59.48,59.56,59.20,59.34,58.99,58.87,59.28,59.18,59.56,59.26,59.14,59.03,58.60,58.83,58.84
2021-8-20 0:48:10,58.91,58.98,59.79,59.79,59.99,60.02,58.76,58.69,58.10,57.55,57.83,58.34,57.97,58.54,58.80,58.33,58.69,58.49,58.34,58.10
2021-8-20 0:48:11,58.40,58.73,58.57,59.00,59.37,59.14,59.47,59.63,59.63,59.71,60.25,60.62,60.73,61.23,60.75,60.53,60.59,60.41,61.13,61.51
2021-8-20 0:48:12,61.74,62.03,61.93,61.69,61.63,61.66,61.93,62.49,62.76,62.78,63.30,63.33,63.34,63.63,63.15,63.21,63.59,63.57,63.81,64.12
2021-8-20 0:48:13,63.89,64.16,64.82,64.65,64.38,64.25,64.45,64.99,65.40,65.69,65.05,64.57,64.65,64.64,64.82,65.29,64.63,64.82,64.32,63.94
2021-8-20 0:48:14,64.62,63.90,64.30,63.78,63.40,63.54,63.52,63.64,63.55,64.13,63.53,63.39,63.32,62.85,63.43,63.72,64.92,65.69,65.89,66.14
2021-8-20 0:48:15,65.89,65.00,64.28,64.59,65.43,67.05,68.92,69.73,69.89,70.23,70.48,71.12,71.28,71.38,70.46,69.86,69.09,67.68,67.09,66.27
2021-8-20 0:48:16,65.75,65.52,65.77,65.66,65.54,66.47,66.29,66.71,66.92,66.18,66.18,65.94,65.96,66.33,66.47,66.70,66.75,66.46,66.11,65.47
2021-8-20 0:48:17,65.40,65.38,65.64,66.02,65.70,65.48,65.27,64.86,65.09,65.22,65.05,65.05,64.93,64.72,64.64,64.29,63.99,63.44,62.81,62.14
2021-8-20 0:48:18,62.28,62.57,62.74,63.51,63.28,63.11,63.14,62.93,63.04,63.06,63.01,63.14,63.42,64.36,64.71,64.93,64.42,63.51,62.94,62.75
2021-8-20 0:48:19,63.03,63.29,64.03,64.17,64.10,64.10,64.19,63.88,63.94,64.18,64.19,63.59,63.30,62.90,63.04,64.18,64.85,65.27,64.95,64.89
2021-8-20 0:48:20,64.51,64.77,64.73,64.58,64.99,65.08,65.57,65.71,65.62,65.22,65.28,65.64,65.90,66.52,66.67,66.62,66.57,66.85,67.19,67.45,67.74
2021-8-20 0:48:21,67.73,67.57,67.95,68.18,68.21,69.13,68.82,69.50,69.63,69.25,70.04,70.06,70.36,70.98,70.90,71.52,71.66,70.38,70.40,69.22
2021-8-20 0:48:22,69.38,70.54,69.80,70.08,69.89,69.81,70.21,69.67,68.91,68.75,69.13,69.74,70.76,70.44,70.85,71.12,70.70,71.76,72.06,72.34
2021-8-20 0:48:23,72.82,72.34,72.48,73.08,73.87,74.39,74.63,74.45,74.82,75.90,76.19,76.94,77.18,76.66,76.74,76.44,75.90,75.64,75.24,74.66
2021-8-20 0:48:24,75.04,75.21,75.25,75.59,75.65,75.64,76.04,76.08,74.99,74.34,74.33,73.95,73.59,74.01,72.63,72.70,72.49,71.53,71.66,70.56
2021-8-20 0:48:25,69.98,69.41,68.69,68.54,68.27,68.06,67.59,66.65,65.96,65.13,64.55,64.84,64.55,64.93,64.80,64.85,65.42,65.54,66.15,66.47
2021-8-20 0:48:26,66.58,66.84,67.52,68.08,68.63,69.10,68.92,69.10,69.54,69.93,70.62,70.90,71.40,72.06,72.32,72.64,72.36,72.12,71.69,70.89
2021-8-20 0:48:27,70.50,69.41,68.84,68.58,67.47,66.48,65.73,64.51,64.16,64.44,64.20,64.22,64.57,64.67,64.74,65.17,65.11,65.26,65.90,66.26
2021-8-20 0:48:28,66.63,67.60,68.00,68.57,69.83,69.95,70.75,71.41,71.26,71.22,70.79,70.80,70.99,70.87,70.51,70.08,69.87,69.29,69.09,67.72
2021-8-20 0:48:29,66.08,65.27,64.39,64.11,64.34,64.22,63.53,63.31,62.64,62.30,62.45,62.45,62.52,61.99,61.53,61.54,61.57,62.22,62.65,62.00
2021-8-20 0:48:30,61.98,61.68,62.15,62.95,62.65,62.79,62.98,62.78,62.94,62.71,62.10,62.17,62.68,62.94,63.16,62.87
2021-8-20 0:48:31,62.44,62.41,61.96,61.40,60.64,60.17,60.21,59.93,59.93,60.00,59.15,59.32,59.46,59.24,59.61,59.95,60.13,60.40,60.31,60.14
2021-8-20 0:48:32,59.62,59.43,59.35,59.10,59.20,59.25,59.44,59.26,59.09,58.39,58.19,58.25,58.26,58.77,58.55,58.68,58.53,58.49,57.96,58.16
2021-8-20 0:48:33,58.33,58.26,58.90,58.56,58.29,57.86,57.71,57.53,57.92,58.28,58.75,59.10,59.34,58.92,58.44,58.07,57.78,58.37,58.47,58.61
2021-8-20 0:48:34,58.42,57.88,58.06,58.11,58.29,58.12,57.93,57.81,58.04,58.35,58.45,58.24,57.45,57.08,56.67,57.14,57.68,58.01,58.78,58.78
2021-8-20 0:48:35,58.74,58.55,57.84,57.99,58.20,58.43,59.18,59.07,59.40,59.86,60.04,60.11,60.45,60.41,60.06,60.05,59.83,60.52,60.88,61.33
2021-8-20 0:48:36,61.52,61.31,61.54,61.88,62.30,62.34,62.75,62.21,61.57,61.36,60.79,61.49,61.61,62.09,62.06,62.12,62.63,62.16,62.38,62.04
2021-8-20 0:48:37,61.87,61.75,61.55,61.80,61.82,62.50,63.12,62.93,62.69,62.81,62.51,62.94,63.43,63.99,64.19,64.22,64.64,64.58,65.30,66.04
2021-8-20 0:48:38,66.07,65.97,66.17,66.42,67.20,68.17,68.37,68.72,68.50,68.36,68.79,68.69,68.97,68.92,69.08,69.62,70.07,70.65,70.57,70.34
2021-8-20 0:48:39,69.94,69.98,69.94,70.07,70.28,70.40,70.73,70.72,71.53,72.13,72.82,73.53,73.93,73.59,73.67,73.39,73.08,73.56,72.84,72.84
2021-8-20 0:48:40,72.43,71.20,71.02,70.64,70.07,69.83,69.15,68.78,68.35,67.81,67.54,66.52,66.30,66.06,66.39,66.51,65.97,65.87,65.09,65.01
2021-8-20 0:48:41,65.36,65.21,65.16,65.03,65.23,65.95,65.98,65.59,64.96,64.20,64.30,64.91,64.76,64.85,65.14,64.23,63.96,63.84,63.29,63.35
2021-8-20 0:48:42,63.30,63.04,62.25,62.52,62.73,62.97,63.74,63.29,63.42,63.13,62.62,63.23,62.71,62.71,63.24,62.41,62.69,63.09,62.62,63.40
2021-8-20 0:48:43,63.37,63.31,64.17,63.86,63.56,63.80,63.42,63.78,64.39,64.91,65.18,65.27,65.97,65.83,66.00,65.76,65.02,64.80,64.32,64.35
2021-8-20 0:48:44,64.40,63.95,64.26,64.39,63.99,64.18,63.44,62.62,62.50,61.85,62.21,62.83,63.41,63.28,63.62,63.33,63.02,63.70,63.24,63.32
2021-8-20 0:48:45,63.18,63.07,63.50,63.65,63.76,63.77,63.30,63.45,63.55,63.51,63.77,63.50,63.48,63.03,63.16,63.21,63.43,64.09,64.13,64.64
2021-8-20 0:48:46,64.79,64.70,64.13,63.86,63.74,64.16,64.64,64.87,64.88,64.30,64.65,64.56,64.48,65.26,65.29,65.45,65.62,65.07,64.87,64.60
2021-8-20 0:48:47,64.44,64.14,63.87,64.20,64.68,64.85,65.27,65.31,65.33,66.13,66.20,66.74,66.89,66.51,66.07,65.11,64.89,64.45,64.45,64.96
2021-8-20 0:48:48,64.87,64.93,65.46,64.72,64.75,65.07,64.63,65.41,64.76,64.61,64.29,63.51,63.90,63.64,63.78,64.11,63.88,63.55,63.79,63.35
2021-8-20 0:48:49,63.47,63.41,62.85,62.93,63.15,63.53,63.61,63.47,63.42,63.23,63.78,63.60,62.36,62.45,62.09,62.75,63.19,63.65,63.24,62.52,62.90
2021-8-20 0:48:51,62.35,62.37,62.74,62.54,62.34,62.02,62.43,62.49,63.05,63.47,62.87,62.56,61.70,61.47,61.66,62.06,62.28,62.65,62.84,62.78
2021-8-20 0:48:52,63.18,62.20,61.56,61.54,61.00,61.08,61.57,61.45,61.38,62.03,61.32,61.49,61.54,61.15,61.32,60.81,61.13,61.20,61.23,61.36
2021-8-20 0:48:53,60.78,60.66,60.67,60.60,60.74,61.04,61.59,61.39,61.42,61.13,60.22,60.00,59.80,61.12,61.34,61.27,60.88,59.32,59.60,60.22
2021-8-20 0:48:54,60.42,60.85,60.23,60.62,61.46,61.19,61.46,60.61,59.56,60.34,60.66,60.89,61.65,60.74,60.63,60.31,60.32,60.51,60.03,60.09
2021-8-20 0:48:55,59.70,60.09,60.66,60.80,60.90,60.26,59.97,59.38,59.18,59.58,59.73,60.35,60.36,59.98,59.71,59.57,59.70,59.63,59.56,60.00,59.76
2021-8-20 0:48:56,60.52,60.31,59.69,59.29,58.84,59.37,59.55,60.25,60.48,60.16,59.88,59.84,59.52,59.88,60.36,60.33,60.44,60.32,60.20,59.95
2021-8-20 0:48:57,59.90,59.58,59.64,59.59,59.64,59.54,59.11,59.17,59.36,59.88,60.34,60.48,59.96,59.61,59.37,59.31
2021-8-20 0:48:58,59.22,59.27,59.30,59.55,59.84,59.53,59.47,58.59,58.39,58.83,59.35,60.75,60.87,60.74,59.79,58.96,59.08,58.90,59.51,59.41
2021-8-20 0:48:59,59.35,59.62,59.44,59.22,58.95,58.62,58.79,59.00,59.36,60.08,60.09,60.10,59.78,58.97,58.47,58.25,58.82,59.59,60.00,60.31
2021-8-20 0:49:0,59.75,59.07,58.50,58.35,58.30,58.19,58.79,59.27,59.46,59.66,59.22,58.69,58.14,57.97,58.33,58.69,59.04,59.02,58.60,58.36
2021-8-20 0:49:1,58.05,57.46,57.42,57.59,58.07,59.23,59.51,59.30,59.36,58.31,58.01,58.00,58.10,58.65,58.53,58.50,57.90,58.20,58.33,57.91
2021-8-20 0:49:2,58.30,58.08,58.74,59.14,59.04,58.68,58.14,58.20,58.15,58.42,58.79,59.20,59.55,59.37,59.03,58.25,57.55,57.72,57.72,58.51
2021-8-20 0:49:3,59.18,59.25,59.30,59.14,58.93,58.69,58.10,58.04,58.20,58.58,59.78,59.60,59.65,59.29,58.75,58.55,57.73,58.10,58.46,58.73
2021-8-20 0:49:4,59.18,58.83,58.56,58.75,58.94,58.82,58.76,58.75,59.11,59.03,59.25,58.63,58.00,58.27,58.24,58.91,59.39,59.86,59.74,59.55
2021-8-20 0:49:5,58.99,58.45,58.09,58.00,58.80,59.14,59.36,59.38,59.50,59.18,58.96,59.08,58.57,59.34,59.82,59.94,59.98,59.39,59.10,58.63
2021-8-20 0:49:6,58.39,58.53,59.04,59.57,60.13,59.76,59.55,59.19,58.78,58.72,58.63,58.80,59.16,59.82,59.59,59.75,59.31,58.87,59.31,58.67
2021-8-20 0:49:7,59.22,59.59,59.57,60.22,59.82,58.90,58.72,58.65,58.93,59.56,60.04,60.58,60.54,60.24,59.59,59.28,59.35,59.79,60.50,60.04
2021-8-20 0:49:8,59.94,60.23,59.76,59.63,59.43,59.42,60.05,60.43,60.64,60.58,60.17,59.99,59.74,59.07,58.86,58.79,59.53,60.14,60.10,60.48
2021-8-20 0:49:9,60.34,60.05,60.18,60.19,59.83,60.01,60.16,60.02,59.96,59.80,59.45,59.36,59.90,59.92,60.38,60.63,60.12,60.22,59.94,59.22
2021-8-20 0:49:10,59.11,58.78,58.76,59.64,59.95,60.48,60.66,60.53,60.44,60.17,59.63,59.21,59.09,59.42,60.03,60.21,60.05,59.68,59.26,59.24
2021-8-20 0:49:11,59.54,59.80,60.39,60.63,60.37,60.02,59.67,59.43,59.68,59.69,59.54,59.58,59.44,59.31,59.02,58.80,59.10,58.93,59.29,59.26
2021-8-20 0:49:12,59.09,59.58,59.62,60.07,59.53,58.98,58.88,58.15,58.62,59.01,58.71,59.05,59.03,59.13,59.27,58.96,58.84,58.77,58.90,59.57
2021-8-20 0:49:13,59.92,59.98,59.86,59.29,58.98,58.93,59.13,59.16,59.42,59.51,59.43,59.29,59.22,59.03,58.92,58.94,58.86,58.92,59.16,59.75
2021-8-20 0:49:14,59.66,59.47,59.35,58.77,58.25,58.46,58.38,58.73,59.69,59.98,59.85,59.37,58.40,57.97,57.98,58.54,59.06,59.39,59.46,59.34
2021-8-20 0:49:15,58.97,58.46,58.17,57.53,58.03,58.39,58.94,59.69,59.61,59.39,58.47,58.08,57.69,57.50,58.05,58.30,58.57,58.76,58.64,58.41
2021-8-20 0:49:16,58.03,57.80,57.72,57.79,58.39,58.44,58.84,58.72,58.30,58.37,58.17,58.00,57.98,58.37,58.62,59.55,59.89,59.64,59.18,58.40,58.10
2021-8-20 0:49:17,58.05,57.99,57.93,58.16,58.34,58.71,58.93,58.38,58.17,58.10,57.66,57.92,58.06,58.17,58.70,58.54,58.65,58.96,58.51,58.64
2021-8-20 0:49:18,58.60,57.94,58.47,59.08,59.20,59.73,59.51,59.29,58.41,57.93,57.55,56.91,57.73,57.93,58.54,59.03,58.98,58.79,57.79,57.52,57.13
2021-8-20 0:49:19,57.25,58.39,58.42,58.78,59.37,58.87,58.86,58.54,57.81,58.02,58.02,58.69,59.23,59.48,59.87,59.64,59.18,58.60,58.44,58.41
2021-8-20 0:49:20,59.13,59.55,59.42,59.25,58.88,58.54,58.05,58.11,57.96,58.57,59.49,59.84,59.88,59.57,59.28,59.10,58.99,58.82,58.65,58.68,59.07
2021-8-20 0:49:21,58.98,59.06,58.70,58.62,58.60,58.72,58.90,58.74,59.58,59.74,59.93,59.47,59.23,59.09,58.92,59.12,58.90,59.17,59.31,60.00
2021-8-20 0:49:22,59.75,59.64,59.27,59.08,59.40,59.02,59.85,59.85,59.99,60.40,59.93,59.97,59.76,59.65,59.34,59.54,59.78
2021-8-20 0:49:23,59.73,60.43,60.12,60.01,60.28,60.08,60.35,60.79,61.22,61.74,61.75,61.39,61.08,60.50,60.59,60.85,60.77,61.01,61.17,61.07
2021-8-20 0:49:24,61.37,61.58,61.46,61.70,61.98,61.85,62.49,62.53,62.29,62.68,62.45,62.64,63.11,63.10,63.07,63.17,63.28,63.47,63.68,63.51,63.51
2021-8-20 0:49:25,63.32,63.49,63.72,63.74,63.83,63.76,63.74,63.51,63.49,62.99,62.68,62.33,62.17,62.05,61.48,61.18,60.62,60.18,60.47,60.02
2021-8-20 0:49:26,60.29,60.56,60.11,60.51,60.21,60.04,60.67,60.54,60.70,60.87,60.59,60.76,60.54,60.14,59.89,59.59,59.71,59.64,59.70,59.60
2021-8-20 0:49:27,59.19,59.21,59.16,59.01,59.14,59.13,58.90,58.95,58.96,59.01,59.21,59.24,59.24,59.32,59.20,59.21,58.91,59.05,59.04,59.31
2021-8-20 0:49:28,59.23,58.68,58.96,58.83,59.32,59.47,59.56,59.64,59.15,59.19,58.84,58.95,59.62,59.88,60.07,59.73,59.24,58.91,58.75,58.97,58.83
2021-8-20 0:49:29,58.91,58.91,58.95,59.26,59.53,59.72,59.36,59.16,58.83,58.20,58.57,58.51,58.35,58.68,58.23,58.55,58.52,58.51,58.37,58.31
2021-8-20 0:49:30,58.70,58.54,58.83,58.61,58.83,59.31,59.18,59.17,58.66,58.49,58.45,58.28,58.74,58.58,58.65,58.81,58.04,58.21,58.18,58.09
2021-8-20 0:49:31,58.66,58.60,58.86,58.95,58.58,58.37,58.21,58.49,58.73,58.96,58.80,58.19,58.20,57.77,57.79,58.24,58.26,58.61,58.46,58.76,58.65
2021-8-20 0:49:32,58.22,58.33,57.84,57.60,58.01,57.96,58.31,58.38,58.53,58.80,58.75,58.69,58.53,58.33,58.27,58.55,58.83,58.44,58.31,58.26,57.88
2021-8-20 0:49:33,58.21,58.06,58.23,58.29,58.27,58.43,58.16,58.09,58.30,58.23,58.45,58.38,58.38,58.29,58.32,58.44,58.39,58.50,58.59,58.70
2021-8-20 0:49:34,58.76,59.01,59.04,59.38,59.32,59.10,59.15,58.42,58.22,58.43,58.52,58.54,59.10,58.58,57.84,57.93,57.53,58.20,58.98,58.76,58.74
2021-8-20 0:49:35,58.22,57.67,58.14,58.49,58.43,58.74,59.06,58.77,58.67,58.42,58.32,58.21,58.69,58.73,58.59,58.63,58.77,58.76,58.86,58.69
2021-8-20 0:49:36,58.16,58.18,57.91,57.87,58.12,58.21,58.50,58.68,58.71,58.60,58.42,58.61,58.70,58.70,58.48,58.19,57.63,57.77,58.11,58.41
2021-8-20 0:49:37,58.66,58.48,58.28,58.17,58.32,58.30,58.42,58.41,58.40,58.60,58.49,58.48,58.49,58.77,58.97,58.88,58.84,58.56,58.58,58.67,58.98
2021-8-20 0:49:38,59.35,59.70,59.46,59.70,60.31,61.17,63.28,64.98,66.56,67.91,68.12,68.35,68.24,68.00,69.02,69.53,70.19,70.45,70.13,70.43
2021-8-20 0:49:39,70.24,70.66,70.61,70.72,70.76,71.08,71.13,70.73,70.82,70.66,71.61,71.98,72.24,71.75,71.35,71.08,70.42,70.37,70.05,69.96
2021-8-20 0:49:40,70.31,70.56,70.62,70.77,70.52,70.56,70.51,69.92,69.81,69.40,68.54,67.56,66.85,66.24,66.38,66.87,67.04,66.99,66.71,67.08
2021-8-20 0:49:41,67.08,66.95,67.15,67.43,67.85,68.86,69.60,69.97,70.29,70.19,70.14,70.21,70.49,71.02,71.43,71.12,71.57,71.28,71.33,71.50
2021-8-20 0:49:42,70.94,71.35,71.69,71.94,72.34,72.53,72.35,72.59,72.77,72.31,71.51,71.13,69.87,69.08,68.83,68.14,68.02,67.81,67.07,66.62
2021-8-20 0:49:43,66.38,66.49,66.80,66.80,66.92,66.16,65.77,65.40,64.51,64.86,65.30,65.66,66.34,66.30,65.96,66.14,66.21,66.63,66.96,66.57
2021-8-20 0:49:44,66.67,66.42,66.70,66.90,66.65,66.57,66.67,66.48,66.57,66.32,65.68,65.81,65.74,65.48,64.92,64.63,64.60,64.16,64.30,64.09
2021-8-20 0:49:45,63.59,64.48,64.65,65.28,65.50,65.11,65.70,65.69,66.56,67.46,67.96,68.72,68.74,68.78,68.63,68.83,69.06,69.27,69.55,69.52
2021-8-20 0:49:46,69.91,70.18,70.49,70.28,70.33,70.40,70.54,71.24,71.37,71.44,71.27,71.61,71.92,72.03,72.66,72.45,72.84,73.92,74.26,74.98
2021-8-20 0:49:47,76.00,76.54,77.56,78.60,78.75,79.25,79.30,79.95,80.84,81.84,82.62,83.02,83.40,83.41,83.87,83.52,82.99,81.80,79.62,77.57
2021-8-20 0:49:48,74.97,73.46,72.67,72.07,72.10,71.75,71.92,71.89,71.53,71.49,71.34,71.71,72.34,72.83,72.77,73.12,73.37,74.13
2021-8-20 0:49:49,74.78,75.82,75.88,74.85,74.64,73.83,74.14,74.47,74.32,73.65,72.96,72.08,71.82,71.30,71.13,71.62,71.67,71.84,71.72,71.96,72.17
2021-8-20 0:49:50,72.48,72.95,72.98,72.48,72.83,73.26,73.71,74.83,75.10,74.73,75.16,75.65,75.85,76.27,76.14,75.94,76.36,76.65,76.70,76.76
2021-8-20 0:49:51,76.63,76.73,77.44,77.97,78.10,77.91,77.22,76.95,76.55,76.85,77.10,76.78,77.05,76.83,76.54,76.26,76.10,76.03,75.66,75.25
2021-8-20 0:49:52,75.31,75.15,74.87,73.95,72.74,72.13,71.11,70.85,70.02,68.82,68.27,67.64,67.13,66.94,66.73,67.28,67.68,67.09,67.13,66.11
2021-8-20 0:49:53,65.54,65.47,65.19,65.18,65.08,65.16,65.19,65.31,65.41,65.40,64.91,64.85,65.05,64.81,64.80,65.12,64.38,64.92,65.26,64.91
2021-8-20 0:49:54,65.09,65.45,65.44,64.83,64.93,64.22,64.18,64.48,64.69,64.67,64.64,64.97,64.39,64.59,64.82,64.62,65.32,65.35,64.88,64.93
2021-8-20 0:49:55,64.60,64.19,64.44,64.75,65.06,65.09,64.83,64.92,64.89,65.63,66.16,65.98,66.13,65.60,65.68,65.33,64.88,65.34,65.40,65.46
2021-8-20 0:49:56,65.52,65.12,64.78,65.06,64.45,63.98,63.53,62.73,62.82,62.72,62.43,62.11,61.93,61.59,61.25,61.36,60.82,60.50,60.17,59.74
2021-8-20 0:49:57,59.89,59.77,59.47,59.57,58.91,58.78,59.14,58.51,58.82,58.97,58.49,58.77,58.47,58.14,58.41,58.48,58.37,58.12,57.88,57.94
2021-8-20 0:49:58,58.04,58.03,58.29,58.33,58.01,58.06,57.83,57.66,57.98,58.16,57.99,57.70,57.59,57.51,57.33,57.72,57.66,57.30,57.70,57.27,57.14
2021-8-20 0:49:59,57.25,57.15,56.87,56.83,56.96,56.46,56.84,56.89,56.88,56.75,56.96,57.39,56.82,57.32,57.24,56.86,56.94,57.02,56.19,56.51
2021-8-20 0:50:0,56.68,56.49,56.85,56.59,56.99,56.86,57.14,56.96,57.29,57.20,57.16,57.35,57.05,57.22,57.05,56.79,56.85,56.82,57.37,57.53
2021-8-20 0:50:1,57.26,57.72,57.14,57.14,57.20,57.13,56.94,56.66,56.45,56.22,56.85,56.84,56.72,57.11,56.88,57.10,57.36,57.41,57.38,57.38
2021-8-20 0:50:2,57.59,57.43,57.84,58.18,57.83,57.76,57.54,57.55,57.74,57.65,58.04,57.91,57.63,57.70,57.40,57.82,57.81,58.19,58.51,58.50
2021-8-20 0:50:3,59.25,59.13,58.91,58.62,58.34,58.12,58.39,58.60,58.51,58.86,58.79,58.69,59.15,59.03,58.93,59.29,59.25,59.18,59.11,59.30
2021-8-20 0:50:4,59.53,59.82,60.05,60.22,60.09,60.16,60.10,59.69,60.11,60.27,60.59,61.20,61.78,61.93,62.17,61.61,61.66,61.98,62.25,63.12,62.76
2021-8-20 0:50:5,62.79,62.60,62.88,62.72,63.49,64.20,64.34,64.65,64.12,64.16,64.67,65.48,65.94,66.21,66.15,65.81,65.42,64.98,64.37,64.15
2021-8-20 0:50:6,64.37,64.45,65.39,65.68,65.61,65.62,64.78,64.98,65.65,66.44,66.69,67.29,67.76,67.40,67.21,66.04,65.26,64.64,65.51,65.96
2021-8-20 0:50:7,65.78,66.69,66.19,66.16,65.58,64.73,64.36,64.12,64.25,64.11,64.33,64.65,65.06,64.83,64.62,64.06,63.69,64.07,63.92,63.58
2021-8-20 0:50:8,63.46,62.86,62.45,62.30,61.97,62.39,63.39,63.77,64.42,65.24,65.05,65.38,65.58,65.36,65.60,66.12,66.53,66.74,66.81,66.90
2021-8-20 0:50:9,67.21,67.29,67.34,67.60,67.26,67.46,67.49,67.67,67.76,68.09,67.79,67.63,67.63,67.64,67.98,68.29,68.41,68.27,68.58,67.74
2021-8-20 0:50:10,67.68,67.03,66.19,65.90,65.38,64.91,64.76,64.78,64.80,64.67,63.90,63.72,63.46,63.48,64.30,64.48,64.25,64.08,63.78,63.99
2021-8-20 0:50:11,64.31,64.65,65.14,65.27,65.55,65.49,65.25,65.17,64.64,64.14,63.72,63.42,63.67,64.38,64.72,64.29,64.07,63.74,63.44,63.14
2021-8-20 0:50:12,62.85,62.40,62.97,63.44,63.26,63.39,62.72,62.09,62.10,62.12,62.09,61.79,61.58,61.25,60.89,61.83,62.26,62.68,63.85,63.16
2021-8-20 0:50:13,62.73,61.48,60.70,60.17,60.10,60.91,60.50,62.05,62.13,62.62,63.34,62.41,62.51,62.02,61.48,61.36,61.35,61.27
2021-8-20 0:50:14,61.00,61.42,61.46,61.46,61.94,61.05,60.24,60.37,60.05,60.25,60.73,60.33,59.89,60.17,59.66,59.87,60.31,60.39,60.77,60.63
2021-8-20 0:50:15,60.43,59.57,59.66,59.47,59.24,59.48,59.13,59.15,59.32,59.43,59.35,59.37,58.62,58.88,58.61,58.57,59.07,58.77,59.35,59.55
2021-8-20 0:50:16,59.70,59.41,59.89,60.75,60.77,61.57,61.47,60.83,60.78,60.55,60.44,60.58,60.58,61.27,61.38,61.75,61.96,61.70,62.34,61.74
2021-8-20 0:50:17,61.70,62.27,61.96,62.35,62.55,62.33,61.86,62.23,62.94,63.43,64.20,65.14,65.38,65.66,66.08,65.67,66.10,65.98,66.09,66.72
2021-8-20 0:50:18,66.86,66.83,67.18,66.74,66.04,66.05,66.63,66.75,67.10,67.95,66.94,66.94,67.44,67.57,68.54,68.66,68.50,67.76,66.93,66.86,66.05
2021-8-20 0:50:19,65.94,65.67,65.42,66.03,66.35,66.87,66.73,66.66,66.18,66.01,65.84,65.71,65.35,65.01,64.88,64.51,64.76,64.89,64.69,64.89
2021-8-20 0:50:20,65.03,65.35,66.16,65.82,65.51,64.90,64.96,65.35,65.62,66.12,65.95,65.63,65.97,65.54,65.42,65.75,65.77,66.52,67.43,68.21,68.30
2021-8-20 0:50:21,67.98,67.18,66.87,66.26,66.59,66.72,66.69,67.07,65.83,66.02,65.14,65.13,66.04,65.19,65.88,65.00,64.42,64.91,64.68,65.25
2021-8-20 0:50:22,65.28,64.75,64.31,64.28,63.83,63.90,64.19,64.10,64.39,64.84,64.48,64.46,64.90,64.51,65.08,65.68,65.46,65.61,65.49,64.78,65.37
2021-8-20 0:50:24,65.40,65.55,65.64,64.76,64.26,63.54,63.54,63.68,64.56,65.09,65.27,65.44,64.55,64.33,63.88,63.47,63.57,63.98,63.62,63.59
2021-8-20 0:50:25,63.42,62.78,62.91,63.12,63.47,64.11,64.47,64.40,64.12,63.59,63.71,63.78,64.14,64.32,64.55,63.53,62.64,62.25,61.42,62.74
2021-8-20 0:50:26,62.99,63.08,63.50,62.93,62.91,63.22,63.42,63.66,64.51,64.51,64.82,64.73,64.11,64.09,63.97,64.26,65.02,65.01,64.93,65.06
2021-8-20 0:50:27,64.47,64.64,64.32,63.84,63.78,63.10,63.19,62.75,62.53,62.90,62.70,62.66,62.54,62.31,62.21,62.76,62.90,62.81,62.38,61.73
2021-8-20 0:50:28,61.08,61.34,61.74,61.94,62.40,61.96,61.95,61.74,61.69,61.70,61.53,61.92,62.04,62.11,62.23,62.07,61.73,61.84,61.56,61.60
2021-8-20 0:50:29,61.78,61.53,61.51,61.87,62.18,61.89,61.90,61.58,61.76,62.09,62.48,62.95,62.59,62.80,62.53,62.26,61.92,61.69,61.81,62.16
2021-8-20 0:50:30,62.26,62.29,62.09,62.11,62.63,62.63,62.89,62.67,63.20,63.40,63.48,63.36,62.89,63.32,63.72,63.76,63.96,64.05,64.26,64.44
2021-8-20 0:50:31,64.71,64.54,64.49,64.68,64.97,66.04,66.35,66.59,66.36,65.66,65.71,65.66,65.96,66.08,65.49,65.63,65.31,64.62,64.82,64.50
2021-8-20 0:50:32,63.94,63.96,63.82,63.82,64.12,64.63,64.70,64.21,64.46,64.51,64.51,64.62,63.84,63.04,62.68,62.51,62.37,62.01,61.06,60.54
2021-8-20 0:50:33,60.17,60.08,60.03,60.10,60.08,59.94,60.09,60.24,60.05,59.78,59.80,58.78,58.85,58.55,58.07,58.67,58.30,58.35,58.60,58.31,58.53
2021-8-20 0:50:34,58.76,58.19,58.33,57.65,57.82,58.26,57.94,57.70,57.38,57.22,57.11,57.34,57.19,57.69,58.20,58.60,58.91,57.60,57.06,57.50
2021-8-20 0:50:35,57.00,57.75,58.06,57.67,57.93,57.65,57.32,57.08,56.81,57.09,57.11,56.81,57.03,56.93,57.30,57.83,57.99,58.24,58.02,58.20
2021-8-20 0:50:36,58.40,58.45,58.72,59.18,59.27,59.13,59.49,59.17,59.21,59.63,59.56,59.50,59.25,59.16,59.49,60.06,60.36,61.07,61.05,61.18
2021-8-20 0:50:37,61.51,61.40,61.73,61.25,61.63,62.05,62.16,62.94,62.71,62.35,62.39,62.29,62.63,63.14,63.41,63.36,63.21,62.74,62.20,61.96
2021-8-20 0:50:38,61.84,61.94,61.49,61.56,61.41,61.70,61.84,61.50,60.97,59.63,58.95,58.57,58.71,58.88,59.24,59.45,59.38,59.91,60.28,60.27
2021-8-20 0:50:39,60.44,59.89,59.33,59.24,58.94,58.99,58.95,58.55,58.60,58.96,58.99,59.37,59.44,58.89,59.10,58.92,58.02,58.12,57.75
2021-8-20 0:50:40,57.76,58.56,58.98,58.79,59.27,58.97,58.31,58.23,57.76,57.96,58.27,58.41,58.64,58.26,58.03,58.23,57.82,57.23,56.90,56.33
2021-8-20 0:50:41,56.18,56.54,56.60,56.49,56.67,57.64,58.39,59.34,59.30,58.62,57.75,56.73,56.45,56.39,56.37,56.64,56.49,56.57,57.04,56.51
2021-8-20 0:50:42,56.61,56.58,56.07,56.69,56.90,57.02,57.09,57.71,57.51,57.08,57.10,56.22,56.03,56.22,56.38,56.65,56.96,56.85,57.19,57.21
2021-8-20 0:50:43,57.56,57.50,57.24,57.48,56.92,56.81,56.78,56.98,56.98,57.02,56.90,56.13,55.96,56.47,56.35,56.63,57.26,56.44,56.59,56.70
2021-8-20 0:50:44,56.31,56.91,57.07,56.91,56.96,56.99,56.86,57.53,57.96,57.95,58.25,58.18,58.14,58.66,59.32,59.49,60.32,60.92,60.66,61.24
2021-8-20 0:50:45,60.58,60.00,59.97,59.12,59.97,60.22,60.54,61.06,60.70,60.69,60.70,61.31,60.99,60.97,61.54,61.33,62.19,62.66,63.07,63.27
2021-8-20 0:50:46,63.57,64.44,64.95,65.79,67.18,68.97,71.13,72.13,71.38,68.97,65.82,64.59,64.39,64.97,65.22,65.05,64.76,64.76,65.03,64.92
2021-8-20 0:50:47,64.52,64.61,64.90,65.27,65.55,65.45,64.59,64.24,63.22,62.62,62.99,62.59,63.59,63.38,63.65,64.15,63.98,64.60,64.94,65.60,66.25
2021-8-20 0:50:48,66.79,66.51,66.02,66.24,66.61,67.16,68.00,67.69,67.35,67.68,67.07,66.79,66.91,66.40,66.46,67.07,67.71,67.58,67.64,67.70
2021-8-20 0:50:49,67.34,67.50,67.18,66.96,66.28,66.43,66.90,66.70,66.65,65.99,65.26,64.96,64.75,64.68,64.22,64.32,64.51,64.47,64.31,63.13
2021-8-20 0:50:50,62.48,61.48,62.48,62.46,61.74,61.91,60.35,60.04,60.00,59.42,59.24,58.86,58.84,58.93,58.83,58.93,58.65,58.78,58.84,59.06
2021-8-20 0:50:51,59.22,59.28,59.19,59.10,59.09,59.11,59.43,60.04,60.31,60.12,59.92,59.92,59.61,60.09,60.66,60.46,60.86,60.53,60.50,60.74
2021-8-20 0:50:52,60.66,60.95,60.69,60.67,60.62,60.27,60.15,59.36,59.04,59.54,60.10,60.76,61.04,60.45,60.35,60.24,60.21,60.50,60.16,60.48,60.44
2021-8-20 0:50:53,59.95,60.15,60.00,60.36,61.19,61.15,61.74,61.83,61.69,61.70,61.53,61.93,61.86,62.67,63.10,63.05,63.52,62.69,62.80,62.78
2021-8-20 0:50:54,63.21,63.75,63.77,64.34,64.46,65.02,65.10,65.31,65.62,65.51,65.08,64.78,64.31,64.30,64.68,64.96,65.15,66.21,66.84,66.57
2021-8-20 0:50:55,66.74,66.79,66.65,67.81,68.51,68.12,68.98,69.09,69.52,70.84,71.49,71.30,71.07,70.55,70.56,70.31,70.91,71.31,71.68,72.57
2021-8-20 0:50:56,72.16,72.60,72.01,72.55,72.67,72.08,72.22,70.75,70.14,69.54,69.12,68.56,67.98,67.13,65.68,65.42,65.47,64.81,64.96,64.53
2021-8-20 0:50:57,64.51,64.55,64.02,64.04,63.14,63.00,63.12,62.75,62.75,62.82,62.26,62.51,62.50,62.56,62.71,63.00,63.01,63.10,63.35,63.13
2021-8-20 0:50:58,63.31,63.09,63.13,62.90,62.99,62.82,62.85,63.07,62.66,63.07,63.10,63.23,64.13,64.11,64.67,65.01,64.72,65.05,64.84,64.90
2021-8-20 0:50:59,64.98,65.57,65.76,66.02,66.61,66.35,66.95,67.50,67.94,68.50,68.88,69.02,69.17,69.91,70.24,70.58,71.15,70.55,70.21,70.41
2021-8-20 0:51:0,70.29,70.56,70.77,70.48,70.40,70.55,70.95,71.32,72.16,72.34,72.60,73.15,73.02,74.08,73.84,73.81,73.67,73.22,73.33,72.73
2021-8-20 0:51:1,71.63,70.39,69.26,68.53,68.16,67.67,67.12,67.21,66.96,66.56,66.61,66.06,65.51,65.39,64.91,64.29,64.16,64.08,63.98,64.24
2021-8-20 0:51:2,64.05,63.74,63.07,62.00,61.83,61.68,62.05,62.50,62.79,62.68,62.60,62.71,62.76,62.87,62.91,64.89,66.39,66.99,67.44,65.64
2021-8-20 0:51:3,64.22,64.24,63.95,63.79,63.32,63.07,63.64,63.08,63.13,63.13,62.37,63.11,63.09,62.38,62.70,62.43,62.51,62.70,62.17,61.79,61.73
2021-8-20 0:51:4,61.92,61.40,61.68,61.87,61.45,61.94,61.79,61.55,61.62,61.80,61.14,61.01,61.47,61.36,62.13,62.15,61.77,61.17,60.82,60.31
2021-8-20 0:51:5,59.81,59.77,59.66,59.96,59.79,60.19,60.38,60.07,60.29,59.45,59.07,58.99,58.94,59.64,59.36,59.26,58.92,58.76,59.25,59.30
2021-8-20 0:51:6,60.02,59.84,59.23,59.18,58.48,58.76,59.05,58.93,59.26,59.19,59.40,59.45,58.71,58.50,58.29,58.72,59.24,59.12,58.81,57.72
2021-8-20 0:51:7,57.78,58.16,58.55,59.26,59.22,58.94,59.03,59.55,59.37,59.42,59.36,58.37,58.56,59.12,58.79,59.53,59.39,58.74,59.65,59.23,58.89
2021-8-20 0:51:8,58.60,57.92,58.05,58.14,58.75,58.79,58.89,59.44,59.62,60.15,60.76,61.72,62.93,66.63,70.50,73.99,77.34,78.38,79.11,79.44
2021-8-20 0:51:9,79.95,79.86,80.29,80.72,79.91,79.11,77.11,74.40,72.23,69.66,66.81,64.33,62.23,60.59,59.79,59.42,58.79,59.03,59.16,59.23,59.52
2021-8-20 0:51:10,59.05,58.75,59.31,59.34,59.46,59.61,59.54,59.29,59.12,59.03,58.66,58.90,59.32,59.42,59.77,59.45,58.80,58.69,58.70,58.69
2021-8-20 0:51:11,58.89,58.80,58.42,58.49,58.91,58.78,58.97,59.12,59.39,59.63,59.31,59.50,59.06,59.48,59.64,59.86,59.38,58.99,59.01,58.36
2021-8-20 0:51:12,58.59,58.44,58.17,58.73,58.72,59.27,59.48,58.85,59.50,58.92,58.96,59.56,59.00,59.35,59.27,59.08,58.79,58.24,58.44,58.62
2021-8-20 0:51:13,58.82,59.53,59.69,59.44,59.53,58.92,58.52,59.04,59.23,59.85,59.99,59.72,60.32,59.69,59.28,59.33,58.24,58.84,59.38,59.27
2021-8-20 0:51:14,59.77,59.83,60.10,60.07,60.49,60.22,60.29,60.04,59.14,58.82,58.07,58.41,58.72,58.65,58.67,58.78,58.62,59.17,59.51,59.07
2021-8-20 0:51:15,59.52,59.31,59.03,59.15,58.52,58.44,58.11,58.15,58.52,58.33,58.66,58.42,58.24,58.79,58.35,58.56,58.88,58.86,59.04,59.19
2021-8-20 0:51:16,59.13,59.17,59.19,58.50,58.19,58.42,58.49,59.13,59.32,58.87,59.01,59.35,59.74,59.43,59.96,59.79,59.62,59.87,59.97,59.98
2021-8-20 0:51:17,60.00,59.82,59.41,59.53,59.49,59.95,60.23,60.34,60.59,61.24,61.93,62.15,62.56,61.91,61.19,60.83,60.35,60.89,61.24,62.05
2021-8-20 0:51:18,62.39,62.38,62.80,62.61,63.04,63.40,63.40,63.92,63.92,63.87,63.76,63.16,63.30,63.03,63.29,63.78,63.27,63.35,62.79,62.03
2021-8-20 0:51:19,61.90,61.42,61.30,61.63,61.49,61.67,62.06,61.89,62.87,63.35,63.79,64.04,63.20,62.81,62.54,62.67,62.84,63.27,63.40,63.63,64.37
2021-8-20 0:51:20,64.51,64.25,64.04,63.71,63.62,63.74,64.30,63.86,63.57,63.75,62.57,62.04,61.84,61.35,61.84,62.02,62.02,61.58,61.15,60.96
2021-8-20 0:51:21,60.14,60.13,59.94,62.39,66.02,69.44,72.66,73.32,72.78,71.55,70.02,68.36,66.71,65.43,64.32,63.27,62.61,61.96,61.70,61.69
2021-8-20 0:51:22,61.33,61.29,61.06,60.89,60.69,60.45,60.26,60.16,60.50,60.25,60.15,60.48,60.20,60.44,60.57,60.10,60.27,59.85,59.53,59.67,59.25
2021-8-20 0:51:23,59.27,59.61,59.43,59.87,60.63,60.61,60.93,60.71,60.69,60.85,60.40,60.24,59.53,59.28,59.61,59.85,59.94,59.41,58.76,58.37,58.50
2021-8-20 0:51:24,58.78,58.88,58.97,58.80,58.90,59.12,59.05,59.52,59.37,59.51,59.65,58.96,58.94,58.46,58.53,58.97,59.76,60.53,60.43,60.47
2021-8-20 0:51:25,59.48,58.98,59.17,59.53,60.32,60.35,60.88,61.25,61.01,61.52,61.22,60.73,60.86,61.28,61.49,61.55,61.74,61.24,61.40,61.55
2021-8-20 0:51:26,61.13,61.04,60.90,61.43,62.06,62.14,61.61,61.47,61.86,62.38,62.93,62.50,61.85,61.94,62.33,62.33,61.70,61.56,61.58,61.75
2021-8-20 0:51:27,61.96,61.39,60.93,61.12,62.06,62.18,62.35,62.52,62.40,62.79,62.26,61.55,62.23,62.49,62.96,63.23,61.95,62.02,62.41,62.04
2021-8-20 0:51:28,62.24,62.37,62.35,62.26,62.68,62.26,62.23,62.50,61.95,61.37,61.77,62.60,62.51,63.13,62.31,61.48,61.39,61.62,62.39,62.11
2021-8-20 0:51:29,62.03,61.71,61.41,61.52,61.74,61.83,61.90,61.91,62.19,61.72,61.45,61.57,61.56,61.82,61.93,61.83,61.59,61.63,61.49,61.79
2021-8-20 0:51:30,61.70,61.50,61.63,61.79,61.25,61.03,61.11,61.15,61.66,61.29,60.88,60.99,61.80,62.04,61.72,62.02,61.90
2021-8-20 0:51:31,62.50,62.61,61.63,61.71,61.72,61.34,61.79,61.89,62.09,62.11,61.97,62.01,62.01,62.15,62.26,62.44,62.59,62.75,62.99,62.58
2021-8-20 0:51:32,62.33,62.14,62.16,62.21,62.27,62.24,62.00,61.78,61.66,61.78,61.57,61.93,62.14,62.23,62.00,62.05,62.20,62.34,62.58,62.75
2021-8-20 0:51:33,62.54,62.41,62.64,62.45,62.63,62.17,61.57,61.58,61.76,62.03,62.35,62.13,61.89,62.18,62.28,62.33,61.66,61.55,61.75,61.81
2021-8-20 0:51:34,61.60,61.42,61.38,61.46,61.15,61.49,61.56,61.24,61.90,61.40,61.24,61.30,61.42,61.67,61.30,61.63,61.78,61.75,61.90,61.83
2021-8-20 0:51:35,62.25,62.02,61.89,61.34,60.97,61.08,61.10,61.35,61.26,61.52,61.75,61.85,61.77,61.41,61.26,61.04,61.35,61.44,61.13,61.32,61.26
2021-8-20 0:51:36,61.22,61.58,61.45,61.61,61.77,62.15,62.16,60.71,60.34,59.68,59.84,60.32,60.98,62.00,62.43,61.86,61.38,61.20,60.90,61.30
2021-8-20 0:51:37,61.58,61.50,61.45,61.31,61.35,61.13,60.44,60.76,61.13,61.55,61.53,61.68,61.55,61.39,61.34,61.90,62.44,62.44,62.30,61.83
2021-8-20 0:51:38,61.36,61.38,61.21,61.16,61.39,61.23,61.11,61.48,61.13,61.07,61.25,60.63,60.76,60.52,60.32,60.41,60.57,60.88,61.42,61.68
2021-8-20 0:51:39,61.19,60.89,61.46,60.96,60.90,61.05,61.31,61.47,61.87,61.72,60.71,61.16,61.26,61.61,61.68,61.56,61.50,61.89,61.49,61.52
2021-8-20 0:51:40,61.75,61.19,61.42,61.23,61.35,61.67,61.68,62.19,61.65,61.62,61.32,60.70,60.95,60.98,61.22,61.61,61.82,61.94,61.85,61.65
2021-8-20 0:51:41,60.97,60.71,60.66,60.71,61.27,61.19,61.40,61.16,60.91,60.94,61.56,61.44,60.83,60.69,60.43,60.41,60.88,60.86,61.09,61.13
2021-8-20 0:51:42,61.08,61.35,61.32,61.19,61.09,60.97,61.15,60.96,61.20,61.11,61.45,61.50,61.39,61.57,61.01,61.64,61.50,61.38,60.61,60.43
2021-8-20 0:51:43,61.10,61.50,61.62,61.91,61.86,61.65,62.17,62.36,62.35,62.18,62.00,61.63,61.07,61.11,61.23,61.00,61.62,61.52,61.51,62.28
2021-8-20 0:51:44,62.20,62.51,62.32,61.67,61.99,62.21,61.71,62.14,62.02,61.82,62.25,62.38,61.88,61.23,61.34,60.78,60.74,61.29,61.10,61.21
2021-8-20 0:51:45,61.56,61.57,61.36,61.28,61.22,61.21,61.63,62.04,62.32,62.12,62.09,62.05,61.49,61.23,60.67,60.82,61.41,62.03,62.69,62.74
2021-8-20 0:51:46,62.67,62.52,62.14,62.03,61.78,61.38,62.00,61.82,61.48,61.78,61.26,60.94,61.30,61.29,62.29,62.88,63.09,62.56,62.11,61.77
2021-8-20 0:51:47,61.68,61.67,61.34,61.76,61.81,62.06,62.70,62.65,62.73,62.49,62.09,62.36,62.33,62.31,62.84,62.82,62.58,62.49,61.76,61.57
2021-8-20 0:51:48,61.68,62.06,62.58,62.13,62.20,62.19,61.71,62.02,61.75,61.69,61.95,62.21,62.64,62.83,62.25,62.29,62.07,61.70,62.06,62.25
2021-8-20 0:51:49,62.53,62.40,62.75,62.44,62.58,62.77,62.87,62.83,62.60,62.91,63.28,63.50,63.31,63.67,62.98,63.22,63.19,62.59,63.47,63.39,63.70
2021-8-20 0:51:50,64.30,64.25,64.42,64.39,64.36,64.74,64.75,65.18,66.01,65.98,66.88,66.70,66.90,66.60,66.68,67.41,67.32,68.44,68.57,69.18,69.44
2021-8-20 0:51:51,69.46,69.16,68.87,68.90,68.93,68.65,68.84,68.40,68.14,67.92,67.44,66.74,66.49,66.19,65.81,65.49,64.91,64.65,64.08,63.68
2021-8-20 0:51:52,62.71,63.29,63.65,64.25,64.14,64.11,63.29,62.83,62.96,61.94,62.25,62.08,62.41,62.66,62.53,62.22,62.04,62.17,62.23,62.43,62.08
2021-8-20 0:51:53,61.93,61.74,61.17,61.50,61.60,61.52,62.33,62.51,62.40,62.37,62.25,62.18,61.64,61.67,62.33,61.96,62.56,62.36,61.29,61.75
2021-8-20 0:51:54,61.29,61.87,61.75,61.36,61.23,61.06,61.52,61.51,62.01,62.00,61.58,61.47,61.38,61.46,62.13,62.74,63.06,62.49,62.68,62.96
2021-8-20 0:51:55,62.80,62.37,62.20,61.97,61.92,62.08,62.09,62.15,62.18,62.06,61.88,61.75,61.97,61.76,62.06,61.65
2021-8-20 0:51:56,60.63,61.12,61.29,61.36,61.53,61.80,61.75,61.96,62.01,61.82,61.96,62.35,62.14,61.99,62.22,62.15,62.19,62.12,61.49,61.42,61.91
2021-8-20 0:51:57,62.29,62.98,62.65,62.51,62.42,61.63,61.61,62.25,62.13,62.46,62.58,62.55,62.87,63.06,63.14,63.14,63.01,62.82,63.14,63.20
2021-8-20 0:51:58,63.14,63.34,63.22,63.21,63.22,62.75,62.43,62.36,62.49,62.76,63.07,63.36,63.20,63.14,62.99,62.48,62.30,62.50,62.89,63.02
2021-8-20 0:51:59,63.22,63.23,63.14,63.74,64.02,63.81,63.23,62.58,62.68,62.82,62.76,62.82,62.78,62.71,63.01,63.04,63.23,63.25,63.25,63.10,63.05
2021-8-20 0:52:0,63.01,62.52,62.87,62.98,62.26,62.83,62.51,62.71,63.27,62.73,62.65,62.13,62.18,62.34,62.51,62.38,62.60,62.75,62.38,62.65
2021-8-20 0:52:1,61.51,61.82,62.33,61.95,62.22,61.94,62.02,62.12,62.05,62.08,61.61,61.32,62.13,61.80,62.05,62.81,62.55,62.46,62.80,62.95,63.16
2021-8-20 0:52:2,63.17,62.78,62.52,62.38,62.72,62.85,62.89,63.09,62.82,62.63,62.52,62.51,62.60,62.30,62.30,62.34,62.50,63.10,63.24,62.93,62.76
2021-8-20 0:52:4,62.75,62.56,62.76,62.96,62.18,62.62,62.90,63.02,63.04,62.93,62.98,62.80,63.25,62.37,62.71,62.19,61.94,62.16,62.23,62.83
2021-8-20 0:52:5,62.76,62.62,62.39,62.51,62.81,63.25,62.83,63.18,63.24,62.92,63.21,63.03,63.02,62.84,62.63,62.68,62.42,62.16,61.97,61.75
2021-8-20 0:52:6,61.66,62.49,62.36,62.39,62.56,62.79,62.74,62.93,63.57,63.60,63.29,63.06,62.68,62.48,62.86,63.11,63.04,62.71,62.79,62.46,62.43
2021-8-20 0:52:7,62.15,62.60,63.25,63.94,64.21,64.02,63.75,62.51,62.43,62.26,62.76,63.28,63.53,64.08,63.53,64.09,63.87,64.21,64.91,64.78
2021-8-20 0:52:8,66.08,66.41,66.50,67.46,68.34,68.88,69.60,70.27,70.43,70.62,71.54,70.69,70.97,71.67,70.93,71.83,72.18,72.98,74.21,75.07
2021-8-20 0:52:9,75.28,74.91,75.11,75.72,76.49,77.20,77.01,76.92,76.65,76.39,76.87,76.85,77.17,77.46,78.27,78.88,78.49,78.33,77.69,77.74,77.83
2021-8-20 0:52:10,77.34,76.60,76.31,75.72,75.23,74.90,73.57,74.70,75.60,76.67,77.60,76.78,75.78,74.53,73.11,72.86,73.57,73.60,73.61,72.98
2021-8-20 0:52:11,71.44,70.55,70.50,70.66,71.23,71.49,71.67,71.72,71.56,71.99,72.17,72.03,72.47,72.11,72.18,72.62,72.69,73.66,74.24,74.36
2021-8-20 0:52:12,74.59,75.09,74.91,75.16,75.17,75.27,76.00,76.98,78.04,77.94,79.08,78.94,79.22,80.03,78.72,78.06,76.80,75.72,75.13,74.92
2021-8-20 0:52:13,74.49,74.25,74.18,74.18,74.99,75.15,76.40,77.18,77.82,78.00,77.52,77.07,76.81,77.57,77.71,77.92,78.05,77.78,78.11,78.28
2021-8-20 0:52:14,78.94,78.79,78.78,78.46,78.61,78.77,78.12,77.67,75.58,74.48,73.65,73.74,74.58,75.53,76.49,76.47,76.49,76.37,76.45,76.58
2021-8-20 0:52:15,76.68,76.29,76.07,75.43,75.26,74.98,74.42,75.49,75.72,76.23,76.83,76.50,76.51,76.98,76.58,76.71,76.23,75.57,75.67,75.19
2021-8-20 0:52:16,74.72,74.49,74.12,73.95,73.92,72.98,72.61,72.58,73.48,74.60,75.60,76.40,76.45,76.37,75.68,75.65,75.48,75.95,76.26,76.38
2021-8-20 0:52:17,76.57,76.23,75.86,74.95,74.29,73.98,73.78,73.75,73.68,73.85,74.54,75.16,75.58,75.14,74.85,74.12,73.64,73.52,73.55,74.52
2021-8-20 0:52:18,74.34,74.63,74.67,74.09,73.97,74.28,74.46,74.81,75.29,74.64,74.56,74.26,74.49,75.36,75.62,75.30,75.74,75.88,75.49,75.79
2021-8-20 0:52:19,75.02,74.59,75.75,75.59,76.27,75.65,73.97,73.03,71.72,71.54,71.82,71.94,72.02,72.01,72.08,72.67,72.13,72.05,71.94,71.52,71.97
2021-8-20 0:52:20,72.12,71.73,71.33,71.25,70.62,70.22,70.28,69.75,70.21,69.79,69.85,70.64,70.89,71.63,72.18,72.34,71.86,71.01,69.78,68.55
2021-8-20 0:52:21,68.24,68.09,67.95,67.72,67.43,67.75,68.02,68.58,68.46,68.78,68.87,68.74,68.93,68.87,69.19,69.35,70.26,70.18,69.48,69.29
2021-8-20 0:52:22,68.76,68.72,69.20,69.41,69.72,69.92,70.09,70.42,70.38,69.87,69.57,69.39,68.70,69.59,70.31,70.31
2021-8-20 0:52:23,70.89,70.27,69.83,69.48,68.56,67.81,67.16,67.19,67.52,67.42,68.20,68.03,67.88,68.01,67.54,67.22,67.12,67.20,67.15,67.93
2021-8-20 0:52:24,68.21,68.25,67.47,66.59,65.66,65.37,65.94,65.83,66.03,66.37,66.27,66.40,66.32,65.99,65.19,65.18,65.80,66.39,67.16,67.22
2021-8-20 0:52:25,66.91,66.29,65.94,65.91,66.04,66.58,66.55,66.53,66.80,67.24,67.87,68.19,68.29,68.05,68.14,67.97,68.17,68.47,68.57,69.10
2021-8-20 0:52:26,69.35,69.52,69.58,70.13,70.17,70.67,70.69,70.29,69.93,68.96,68.77,68.21,68.12,67.66,67.28,65.95,65.12,64.52,63.80,64.57
2021-8-20 0:52:27,64.68,64.32,64.13,63.32,62.71,63.14,63.13,63.22,63.39,62.68,62.37,62.14,61.81,61.68,61.30,61.43,61.42,61.14,61.26,60.95
2021-8-20 0:52:28,60.75,61.11,60.77,60.36,60.08,60.10,60.55,61.00,61.22,60.74,60.09,59.54,59.15,59.22,59.01,59.41,59.18,59.28,59.74,59.31
2021-8-20 0:52:29,59.67,59.30,59.20,58.93,58.63,58.82,58.50,58.73,58.61,58.40,58.36,58.09,57.73,57.49,57.07,56.81,57.15,57.25,57.88,58.32
2021-8-20 0:52:30,58.30,57.70,57.33,57.48,57.40,57.73,57.94,57.50,57.43,57.98,57.84,58.22,58.03,58.00,58.21,58.17,58.24,57.76,57.39,57.40
2021-8-20 0:52:31,57.41,57.81,58.68,58.60,58.99,59.02,58.72,59.23,59.47,59.79,59.70,59.62,59.79,60.41,61.53,62.10,62.08,61.88,61.46,61.24
2021-8-20 0:52:32,62.11,62.34,62.47,62.76,62.06,61.86,62.03,62.52,62.81,63.72,63.99,64.11,64.42,63.90,63.97,64.10,64.27,64.98,64.94,64.67,64.41
2021-8-20 0:52:33,63.25,62.99,62.72,62.82,63.81,64.02,64.19,64.12,63.78,64.42,65.10,66.12,66.92,67.21,67.16,67.14,67.03,67.22,67.75,68.32
2021-8-20 0:52:34,69.06,68.83,68.30,67.82,67.47,68.44,69.23,68.91,68.33,67.15,66.76,66.58,65.62,64.93,64.17,63.33,62.84,62.16,61.24,60.61
2021-8-20 0:52:35,60.40,59.66,59.39,58.83,58.39,58.38,57.98,58.33,58.42,58.17,58.14,58.42,58.13,58.43,58.01,57.36,57.10,56.78,57.09,57.23
2021-8-20 0:52:36,57.44,57.27,56.85,55.95,55.71,55.82,56.24,56.79,56.37,56.11,55.51,55.52,56.01,55.78,55.83,55.35,55.24,55.80,55.95,56.42
2021-8-20 0:52:37,56.78,56.65,57.17,57.44,57.92,57.95,57.81,57.79,57.50,57.74,57.37,57.28,57.31,57.35,58.06,58.20,57.59,57.28,57.38,57.33
2021-8-20 0:52:38,57.75,58.21,57.77,57.95,58.59,59.67,59.79,59.99,60.05,59.08,59.68,60.24,60.39,60.76,61.44,61.26,62.14,62.70,62.65,63.02
2021-8-20 0:52:39,62.53,62.39,62.61,63.05,63.32,63.67,63.14,62.58,61.87,61.48,61.59,61.77,61.55,61.01,60.54,59.96,60.34,60.25,59.92,59.97
2021-8-20 0:52:40,59.47,60.07,60.45,60.41,60.48,59.79,59.92,59.43,58.84,58.36,58.38,58.90,59.47,59.88,59.00,58.75,58.88,59.17,59.29,59.17
2021-8-20 0:52:41,59.34,59.57,60.03,60.24,59.76,59.48,59.18,58.59,58.26,57.42,57.86,58.26,58.38,58.81,58.06,57.97,58.07,58.46,58.24,58.13,58.49
2021-8-20 0:52:42,58.05,58.49,58.58,58.33,58.55,58.21,58.14,57.92,58.07,58.07,58.22,58.11,58.68,58.80,58.63,58.10,57.12,56.93,56.31,56.97
2021-8-20 0:52:43,56.71,57.18,57.67,57.57,58.13,58.03,57.76,59.47,59.28,59.18,59.24,57.83,57.86,57.65,57.63,57.42,57.50,58.15,58.11,57.93
2021-8-20 0:52:44,57.45,57.02,57.25,57.18,57.38,57.51,57.50,57.20,57.72,57.85,58.51,58.91,58.46,58.67,58.48,58.68,59.06,58.76,58.36,58.66,58.82
2021-8-20 0:52:45,59.25,59.31,59.28,59.14,58.79,58.84,59.11,59.14,59.10,59.32,59.08,58.73,58.93,58.81,58.76,59.09,59.23,59.49,59.78,60.23
2021-8-20 0:52:46,60.61,61.03,61.16,61.34,61.45,61.53,61.86,61.62,61.06,61.24,61.26,61.40,61.88,61.68,61.97,62.34,62.26,62.16,61.96,61.38
2021-8-20 0:52:47,61.53,61.90,61.18,61.59,61.64,61.51,62.44,62.60,62.93,62.67,62.89,63.51,63.70,64.12,63.84,63.86,64.16
2021-8-20 0:52:48,65.39,65.96,66.30,66.82,66.91,68.32,68.48,68.28,68.21,67.83,68.36,69.23,70.24,70.34,70.90,71.12,71.18,70.95,71.10,71.12
2021-8-20 0:52:49,71.30,72.26,71.58,71.81,71.66,71.38,71.43,70.32,69.44,68.50,68.30,67.68,67.10,67.12,66.63,67.65,68.17,68.50,68.23,67.73,68.00
2021-8-20 0:52:50,67.73,68.21,68.26,67.63,67.67,67.25,66.97,67.00,66.25,66.24,66.32,66.20,66.21,66.27,66.06,65.64,65.72,65.37,65.38,64.82,64.68
2021-8-20 0:52:51,65.03,64.73,65.32,65.22,64.50,64.31,64.26,64.12,64.36,64.38,64.61,64.29,64.26,63.55,63.00,63.60,63.07,63.37,63.15,62.86
2021-8-20 0:52:52,63.05,62.95,62.68,62.07,61.81,61.68,62.00,61.77,62.10,62.35,62.63,62.72,62.38,62.09,61.58,61.87,62.29,62.17,62.05,62.02
2021-8-20 0:52:53,61.64,62.18,62.71,62.77,62.92,62.23,61.84,61.87,61.85,62.43,62.51,61.99,61.54,60.55,60.72,61.06,61.27,61.84,61.08,61.44
2021-8-20 0:52:54,61.35,62.09,62.64,62.73,63.24,62.51,62.35,61.66,61.22,61.18,61.35,61.35,61.11,60.87,60.62,60.16,60.39,60.86,61.00,61.88
2021-8-20 0:52:55,62.48,62.95,62.88,62.67,62.09,62.14,62.30,62.53,62.32,62.24,62.40,61.81,62.33,61.77,61.88,62.20,61.65,61.99,61.73,61.85
2021-8-20 0:52:56,62.50,62.40,62.39,62.70,62.93,63.39,63.21,62.54,62.77,62.22,62.62,63.52,63.07,63.66,63.97,64.20,64.47,64.11,64.14,63.85
2021-8-20 0:52:57,64.73,64.94,65.34,65.83,65.66,65.78,65.90,65.70,65.98,66.18,66.16,66.33,65.99,66.51,66.55,66.45,66.27,66.33,66.55,67.01
2021-8-20 0:52:58,66.79,66.26,65.49,65.17,64.70,64.53,64.27,63.41,62.81,62.30,62.24,62.11,62.79,62.90,62.90,62.77,62.47,62.33,62.28,62.65
2021-8-20 0:52:59,62.62,62.59,62.59,62.11,62.08,62.07,61.92,62.23,61.99,62.17,61.74,61.85,62.42,62.44,62.97,62.62,62.73,62.52,62.42,62.57
2021-8-20 0:53:0,62.35,62.81,62.97,63.10,62.87,62.71,63.04,63.24,63.35,63.26,63.44,63.64,63.92,64.35,64.01,63.88,64.19,63.94,63.88,63.45
2021-8-20 0:53:1,62.66,62.22,61.71,61.11,61.62,61.28,61.41,61.49,60.58,60.79,60.09,60.55,60.58,60.46,61.08,61.59,61.64,62.15,62.21,61.72
2021-8-20 0:53:2,61.43,61.16,61.26,60.91,61.42,61.31,61.21,61.43,61.52,61.45,60.90,60.87,60.64,60.50,60.79,60.60,60.61,60.34,60.31,60.14
2021-8-20 0:53:3,60.43,60.67,61.15,61.03,61.07,61.21,60.93,61.04,60.83,60.90,60.76,61.46,61.40,61.25,61.29,61.00,61.07,60.63,60.81,60.17
2021-8-20 0:53:4,60.20,60.27,59.99,60.30,60.02,59.71,59.58,59.61,59.82,59.96,59.99,59.79,59.04,59.05,59.08,59.54,60.16,60.65,60.02,59.64
2021-8-20 0:53:5,59.08,58.90,59.67,60.19,60.77,60.61,60.25,59.68,59.65,59.95,59.71,59.67,59.27,58.80,59.08,58.94,59.35,59.44,59.46,59.64
2021-8-20 0:53:6,59.84,60.06,59.86,59.55,59.53,59.03,59.60,60.31,60.25,61.33,61.44,61.48,61.30,61.28,61.31,61.43,62.05,62.27,63.32,63.08
2021-8-20 0:53:7,63.53,63.40,62.74,63.60,63.36,64.40,65.06,65.08,65.06,64.07,63.53,63.39,63.03,62.78,62.86,62.52,61.76,61.41,60.42,59.64
2021-8-20 0:53:8,59.52,59.28,58.95,59.18,60.13,60.38,60.55,60.46,59.97,59.75,60.27,60.06,59.93,60.08,59.61,59.37,59.17,59.08,59.27,59.21,58.88
2021-8-20 0:53:9,58.55,58.44,59.13,59.85,60.37,60.58,59.97,60.07,60.14,59.86,59.85,59.55,59.45,59.47,59.69,59.41,59.07,58.71,58.62,58.61
2021-8-20 0:53:10,58.87,59.10,59.33,59.37,58.99,59.28,58.93,58.83,59.39,59.16,59.53,60.00,59.68,59.86,59.52,59.57,59.61,59.64,60.28,60.28
2021-8-20 0:53:11,60.47,60.34,60.01,60.01,59.67,59.53,59.72,59.90,60.38,60.40,60.67,60.70,60.75,61.09,61.07,61.40,61.41,61.63,61.32,60.67,60.96
2021-8-20 0:53:12,61.46,61.83,62.51,62.34,61.88,62.16,62.36,62.94,63.55,63.70,63.82,63.81,63.78,64.45,64.79,65.27,65.50,65.35,65.40,64.98
2021-8-20 0:53:13,65.42,65.61,65.68,66.05,65.98,65.72,65.65,65.28,64.88,64.66,64.02,64.24,63.85,63.92,64.37,64.25,64.42,64.63,64.79,64.80
2021-8-20 0:53:14,65.20,64.85,64.83,65.19,64.37,64.45,63.70,63.16,63.50,63.51,64.25,64.37,64.88,65.01,64.70,64.71,64.67,64.73,64.90,64.56
2021-8-20 0:53:15,64.10,63.90,63.79,63.92,63.82,63.28,63.10,62.77,62.49,62.69,62.46,62.73,62.93,62.68,62.45,62.04,61.52,61.35,61.55,61.16
2021-8-20 0:53:16,61.40,61.37,61.12,61.56,61.94,62.18,62.44,62.74,62.63,62.93,63.07,62.97,62.57,62.53,62.40,62.25,63.14,63.17,63.57,64.58
2021-8-20 0:53:17,64.78,65.69,66.01,66.17,66.60,66.56,67.46,67.86,67.54,68.42,68.27,68.53,69.19,69.09,69.53,69.23,69.26,68.80,68.21,68.02
2021-8-20 0:53:18,67.54,67.50,67.02,66.47,66.14,65.16,64.77,64.06,63.37,63.10,62.46,62.81,62.53,62.28,62.25,61.84,62.25,62.13,62.77,62.75,62.71
2021-8-20 0:53:19,63.43,63.56,64.48,64.89,65.64,66.38,66.70,67.59,67.72,67.92,68.32,69.09,70.45,71.23,72.09,72.64,72.63,73.36,73.68,73.78
2021-8-20 0:53:20,74.17,73.89,74.35,73.81,72.67,71.69,70.42,69.71,69.65,69.89,69.70,70.14,70.07,69.98,70.07,70.10,70.32,70.26,70.11,69.92,69.88
2021-8-20 0:53:21,69.98,70.27,70.17,69.66,69.44,69.18,68.58,69.26,69.56,69.71,70.12,70.35,70.31,70.62,71.34,71.24,71.72,72.02,72.44,72.80
2021-8-20 0:53:22,73.04,73.26,73.06,73.05,72.91,72.76,72.25,72.07,72.25,72.04,72.21,71.84,71.09,70.25,69.40,68.20,67.07,66.46,66.41,66.53
2021-8-20 0:53:23,66.60,66.25,65.60,65.87,65.55,65.88,66.08,65.80,66.67,66.44,66.79,66.61,66.02,67.00,67.20,67.69,68.05,67.78,67.89,68.90
2021-8-20 0:53:24,69.09,69.05,69.01,67.89,68.01,68.19,68.00,68.00,67.96,67.95,67.42,67.14,67.41,67.49,68.43,68.66,68.27,67.79,67.41,67.81
2021-8-20 0:53:25,67.58,68.06,67.94,67.56,67.85,67.00,66.39,66.43,65.79,65.93,66.08,65.97,66.31,66.60,66.77,66.54,66.60,65.90,65.68,65.62
2021-8-20 0:53:26,65.01,65.52,65.21,64.62,64.72,64.22,64.27,64.52,64.02,64.16,64.24,64.05,64.20,63.69,63.30,63.53,63.29,63.33,63.43,62.71
2021-8-20 0:53:27,62.91,62.69,62.99,63.43,63.00,63.45,62.92,62.82,63.32,62.70,62.56,62.68,62.93,63.42,63.64,63.34,63.28,63.62,63.21,63.96
2021-8-20 0:53:28,63.87,63.54,64.19,63.89,64.11,64.24,64.41,64.70,64.50,65.12,65.35,65.48,65.76,65.69,65.50,65.48,65.37,64.84,64.63,64.01
2021-8-20 0:53:29,64.01,63.64,63.54,63.25,62.74,63.13,62.97,62.63,62.56,62.28,61.94,62.25,62.06,61.37,61.12,60.91,61.12,61.35,61.77,61.99
2021-8-20 0:53:30,62.15,62.28,62.70,62.64,62.19,62.48,61.77,62.32,62.27,61.76,61.66,61.17,60.81,61.13,61.52,62.03,62.53,62.14,61.81,61.40
2021-8-20 0:53:31,61.52,61.93,62.24,62.38,62.17,62.15,61.96,61.18,61.01,60.44,60.64,61.51,62.01,61.68,61.94,62.02,62.34,63.63,63.64,63.44
2021-8-20 0:53:32,63.03,62.94,62.73,62.41,62.50,62.16,62.47,62.76,62.78,63.29,63.30,63.37,63.14,63.37,63.62,63.86,63.98,63.17,62.72,62.77
2021-8-20 0:53:33,62.37,62.15,61.43,61.50,62.10,62.54,63.04,62.51,62.18,62.04,62.07,62.05,61.56,61.71,61.17,61.41,61.65,61.28,62.00,61.12
2021-8-20 0:53:34,60.89,60.67,60.32,60.95,60.85,61.01,60.43,60.36,59.92,59.98,60.25,60.11,60.38,59.48,59.66,59.07,59.24,59.72,59.47,59.85
2021-8-20 0:53:35,60.36,60.45,60.24,59.89,58.88,58.67,58.90,59.00,59.14,59.29,59.74,59.89,61.00,61.08,60.48,61.10,60.53,61.04,61.50,61.43
2021-8-20 0:53:36,61.22,60.75,60.66,60.32,60.87,60.50,60.41,60.34,60.20,60.58,60.21,60.16,60.17,60.61,61.02,60.97,60.65,59.87,59.87,59.95
2021-8-20 0:53:37,60.72,61.01,61.34,61.39,60.92,61.01,61.30,61.57,61.90,62.52,62.15,62.25,62.00,61.95,61.87,61.64,61.91,61.80,62.30,63.14,62.82
2021-8-20 0:53:38,62.71,62.07,60.97,61.12,60.49,61.14,61.45,61.32,61.91,61.62,61.99,62.09,61.87,61.32,61.13,61.00,61.11,61.99,61.71
2021-8-20 0:53:39,62.03,61.98,61.31,61.34,61.12,60.82,60.00,59.92,59.72,59.97,60.35,60.04,60.11,59.75,60.26,59.94,59.72,59.98,59.60,60.57
2021-8-20 0:53:40,60.87,61.32,61.17,60.73,61.19,60.85,61.40,61.77,61.37,61.80,61.61,61.71,61.80,62.04,62.59,62.54,62.18,61.70,61.45,61.70,62.49
2021-8-20 0:53:41,62.98,63.11,63.36,62.78,62.94,62.97,62.85,63.50,63.11,63.53,63.91,64.23,64.95,65.09,65.17,65.28,65.87,65.94,66.47,66.84
2021-8-20 0:53:42,66.94,67.90,68.51,68.41,68.71,69.41,69.93,71.20,72.25,72.53,73.06,73.46,73.76,74.29,73.72,73.11,72.19,70.66,70.31,70.07
2021-8-20 0:53:43,70.09,70.89,71.50,72.40,72.70,72.13,71.70,71.00,70.77,70.84,70.75,70.64,70.21,70.36,70.12,70.10,70.26,70.22,69.91,69.81
2021-8-20 0:53:44,69.36,68.85,68.71,68.28,67.49,66.94,66.35,65.96,65.74,65.48,65.43,64.88,65.45,65.45,65.27,65.45,64.93,65.72,65.86,66.27
2021-8-20 0:53:45,66.58,65.95,66.23,65.82,65.81,66.26,66.10,66.68,67.37,67.08,67.21,67.17,66.42,66.47,65.95,66.23,66.36,66.40,67.22,66.14
2021-8-20 0:53:46,66.02,66.25,66.02,66.74,67.27,67.18,67.30,66.47,65.93,65.93,65.77,66.03,66.18,66.48,66.22,66.89,67.41,67.20,67.03,67.00,66.81
2021-8-20 0:53:47,66.47,66.99,67.09,67.09,67.17,67.11,67.41,67.12,66.76,66.74,66.17,65.57,65.73,65.72,65.48,65.25,64.83,64.86,64.30,64.60
2021-8-20 0:53:48,65.71,65.32,65.45,65.43,64.28,63.76,63.50,63.54,63.91,64.35,64.11,65.00,64.56,64.14,64.94,64.41,64.73,65.03,64.61,64.15
2021-8-20 0:53:49,63.69,63.33,63.73,64.14,63.76,64.90,64.33,63.72,64.01,63.37,63.62,63.66,64.12,64.44,64.44,64.28,64.59,63.83,63.69,63.82
2021-8-20 0:53:50,63.06,63.26,63.19,63.60,64.50,64.29,64.25,64.40,63.57,63.44,63.53,63.00,63.11,62.66,63.04,63.23,62.94,63.06,63.29,62.99,62.85
2021-8-20 0:53:52,63.64,62.93,62.79,62.73,62.03,62.04,61.77,61.85,62.42,62.32,62.39,63.02,62.86,62.94,62.88,63.33,63.39,63.36,63.78,63.17
2021-8-20 0:53:53,62.47,62.15,62.39,62.21,62.33,63.04,62.27,61.97,61.80,62.31,63.34,63.36,63.89,63.55,62.57,62.83,63.27,62.62,62.53,62.47
2021-8-20 0:53:54,62.25,62.83,62.53,63.16,64.23,63.08,63.99,63.96,62.63,63.26,63.32,62.63,62.55,61.89,62.41,63.05,62.91,63.06,63.34,62.78
2021-8-20 0:53:55,62.48,63.36,62.68,62.77,63.19,63.01,62.98,62.36,62.71,62.84,62.30,62.45,63.16,62.82,62.73,62.80,62.94,64.09,63.83,64.60,64.48
2021-8-20 0:53:56,63.24,63.39,63.78,63.15,62.83,63.74,63.00,63.15,63.24,63.33,64.79,64.30,64.62,65.23,63.97,64.21,64.34,63.50,62.84,62.17
2021-8-20 0:53:57,62.47,62.94,63.11,63.57,64.58,63.70,64.07,64.40,63.72,64.18,63.60,63.85,63.46,63.13,63.35,63.82,63.27,62.82,63.21,63.10
2021-8-20 0:53:58,63.55,63.82,64.27,64.88,64.51,65.22,65.96,64.84,65.51,64.76,63.79,63.62,62.84,63.55,63.70,63.83,64.10,64.76,64.72,64.49,64.54
2021-8-20 0:53:59,64.49,64.36,63.74,64.25,63.80,63.86,64.72,64.89,64.56,63.80,64.16,64.10,64.11,64.52,64.61,65.05,64.83,65.12,65.36,64.57
2021-8-20 0:54:0,64.62,65.31,64.53,64.36,63.66,63.39,63.64,63.47,64.74,65.52,64.97,64.99,65.71,64.41,64.68,65.63,64.16,64.06,64.00,63.95
2021-8-20 0:54:1,64.41,64.21,64.25,64.73,63.96,63.68,64.54,63.45,64.17,64.27,63.50,63.70,63.38,64.35,64.82,64.16,64.16,64.94,64.29,64.39,65.03
2021-8-20 0:54:2,64.16,64.62,64.61,64.51,64.31,63.95,64.78,64.78,64.55,64.15,64.96,64.71,64.92,65.50,64.74,65.42,64.96,65.57,65.43,64.67
2021-8-20 0:54:3,65.29,65.44,65.28,65.00,65.23,64.88,65.29,64.99,65.18,65.83,65.05,65.61,65.96,64.92,65.47,65.71,64.46,64.52,65.44,65.02
2021-8-20 0:54:4,65.08,66.34,65.15,65.14,65.71,64.73,64.49,63.83,62.82,62.47,63.23,64.19,64.21,64.51,64.12,64.14,64.19
2021-8-20 0:54:5,64.66,64.98,64.69,65.77,65.88,65.06,65.45,65.68,64.53,64.59,64.01,63.88,64.15,64.12,64.49,65.16,64.80,64.66,65.38,64.65
2021-8-20 0:54:6,65.17,65.16,64.76,64.56,64.00,64.67,65.04,64.83,64.98,65.89,65.16,64.97,64.97,64.56,64.82,64.28,65.09,64.90,64.70,65.54
2021-8-20 0:54:7,65.95,65.28,64.91,64.62,63.58,64.09,63.63,64.14,65.02,64.19,64.89,65.42,64.49,64.98,65.31,64.59,64.56,64.12,64.22,64.22
2021-8-20 0:54:8,63.40,63.94,64.59,63.71,64.49,65.20,64.91,65.72,65.81,65.38,64.73,64.04,64.27,64.32,64.50,64.58,65.79,65.12,64.40,64.67
2021-8-20 0:54:9,64.06,64.63,64.43,64.81,64.39,63.75,64.19,64.65,64.49,64.12,65.16,64.90,64.87,64.84,64.87,65.58,64.93,65.56,65.87,64.52
2021-8-20 0:54:10,64.98,65.46,64.44,64.33,63.88,64.35,64.35,63.91,64.40,64.92,64.55,64.98,65.68,64.62,64.75,64.62,64.23,64.09,63.47,64.23
2021-8-20 0:54:11,64.44,64.18,64.34,64.97,64.16,63.73,64.38,64.18,64.78,64.53,64.92,64.34,63.53,63.97,64.63,64.64,64.82,65.50,64.65,64.77
2021-8-20 0:54:12,64.59,65.26,65.76,64.87,65.51,65.02,63.90,64.52,65.13,64.50,64.94,64.70,64.47,64.56,64.17,64.59,65.18,64.57,64.50,65.15
2021-8-20 0:54:13,64.03,64.62,64.56,64.33,64.17,63.80,64.43,64.48,64.51,64.38,65.30,64.53,64.57,64.99,64.70,65.25,64.87,65.54,64.98,64.41
2021-8-20 0:54:14,64.53,65.11,64.80,64.29,64.87,64.08,64.75,64.81,65.36,66.04,64.92,65.48,65.92,64.42,64.77,65.21,64.05,64.49,64.20,63.95
2021-8-20 0:54:15,64.39,64.12,64.40,65.63,64.93,65.03,65.90,64.53,64.49,63.85,63.88,64.09,64.44,65.58,65.61,65.23,64.53,64.77,64.55,64.81
2021-8-20 0:54:16,65.41,65.76,66.13,65.80,66.51,65.91,64.72,64.39,64.52,64.12,64.13,64.53,64.33,64.80,64.68,65.37,65.90,65.25,65.45,66.14
2021-8-20 0:54:17,65.33,65.76,66.28,65.27,65.26,64.82,65.35,65.65,65.39,65.65,66.13,65.31,65.07,65.53,65.01,65.76,65.47,65.91,65.67,65.28,65.62
2021-8-20 0:54:18,66.02,65.65,65.39,65.90,65.01,64.67,64.64,65.09,65.66,65.67,66.15,66.00,65.09,64.91,64.59,63.89,63.56,64.11,64.42,65.16
2021-8-20 0:54:19,65.14,65.21,66.54,66.01,66.36,67.21,66.33,66.69,67.62,67.37,67.43,67.16,67.10,67.31,67.04,66.85,67.11,66.45,66.39,67.29
2021-8-20 0:54:20,66.90,66.73,66.37,66.40,66.41,66.37,66.35,66.59,66.29,66.56,67.08,66.62,66.80,65.88,66.28,66.39,65.53,66.06,66.31,66.16,66.42
2021-8-20 0:54:21,66.55,65.74,64.90,64.36,64.95,65.16,65.03,65.39,65.98,65.25,65.27,66.32,65.58,66.03,65.87,65.47,65.17,65.00,65.61,66.22,65.96
2021-8-20 0:54:22,65.48,66.19,65.47,65.49,65.42,65.53,65.42,65.23,66.31,65.58,65.15,65.03,65.54,65.32,65.03,65.60,64.78,64.75,64.25,64.63
2021-8-20 0:54:23,64.37,63.54,64.52,64.18,63.77,64.20,64.30,64.10,64.15,63.86,63.82,64.02,64.43,65.19,66.29,65.52,65.07,65.77,64.95,65.38
2021-8-20 0:54:24,65.52,65.34,65.14,64.59,65.17,65.27,64.72,64.87,65.63,65.01,65.46,65.88,65.63,65.74,65.25,65.97,65.46,64.94,64.99,65.28
2021-8-20 0:54:25,65.03,64.76,65.59,64.98,65.29,65.07,65.46,66.27,65.57,66.29,66.44,65.44,66.08,66.11,65.58,65.14,64.35,64.88,64.86,64.93,65.08
2021-8-20 0:54:26,65.88,65.61,65.53,66.48,65.40,66.01,65.37,65.21,65.32,64.00,64.55,64.81,64.58,64.13,65.06,64.18,64.15,64.66,64.79,65.75,65.42
2021-8-20 0:54:27,65.89,65.45,64.25,64.85,65.27,65.17,65.54,64.90,65.10,65.13,64.77,65.29,65.96,65.25,64.83,65.69,64.13,64.33,65.02,63.65
2021-8-20 0:54:28,64.05,63.89,63.99,64.65,64.31,64.33,65.22,64.56,64.11,64.38,64.22,64.91,65.04,65.28,64.98,64.04,64.31,65.15,64.30,64.62
2021-8-20 0:54:29,65.24,64.60,65.28,65.53,66.27,67.19,66.96,67.11,66.99,65.70,65.12,65.34,64.41,64.16,64.08,63.78,63.32,64.17
2021-8-20 0:54:30,65.53,65.30,65.24,65.82,64.98,65.18,65.70,65.49,66.19,66.02,66.63,66.41,65.51,65.44,65.63,65.10,65.02,65.06,64.42,64.54
2021-8-20 0:54:31,64.44,65.26,65.94,65.45,66.02,66.45,65.27,65.27,65.23,64.43,64.61,64.29,64.85,64.86,64.73,65.10,65.66,65.19,64.99,65.64
2021-8-20 0:54:32,64.73,65.30,65.14,65.18,65.26,64.28,65.37,65.80,65.27,65.44,65.59,64.95,65.30,65.68,65.87,66.17,65.89,66.58,66.14,65.44
2021-8-20 0:54:33,65.50,65.64,65.35,65.16,65.25,64.50,64.69,64.36,64.79,65.92,64.92,66.06,66.46,65.14,65.62,65.64,64.71,64.48,64.08,64.24
2021-8-20 0:54:34,64.67,64.60,65.16,65.74,64.49,64.87,65.61,64.64,65.45,65.27,64.90,64.89,64.35,65.00,65.15,64.87,65.04,65.73,65.21,64.97
2021-8-20 0:54:35,65.73,65.15,65.29,64.89,65.25,64.72,64.39,64.98,65.09,65.09,64.71,65.15,64.72,64.84,64.95,65.42,66.27,65.95,66.29,66.43
2021-8-20 0:54:36,65.03,64.82,65.06,64.19,63.97,63.70,64.12,63.93,63.78,64.37,64.87,64.38,64.63,65.93,65.12,65.95,65.89,65.12,65.03,64.45
2021-8-20 0:54:37,65.05,65.16,64.86,65.05,66.40,65.62,65.40,65.92,65.18,66.58,67.77,68.29,68.52,67.63,67.54,68.13,67.98,68.67,69.81,70.45
2021-8-20 0:54:38,71.58,72.17,71.61,71.29,71.19,71.70,72.46,72.61,72.34,71.67,71.20,72.16,72.76,73.33,73.70,72.93,72.78,72.88,72.28,70.99
2021-8-20 0:54:39,70.45,70.18,70.60,72.00,71.39,71.07,71.17,70.35,71.18,71.53,71.40,71.59,71.65,71.19,71.81,71.68,71.05,71.54,70.69,71.12
2021-8-20 0:54:40,70.65,70.79,71.17,70.55,72.00,71.06,70.44,70.20,69.44,69.69,70.21,70.50,69.96,69.66,68.79,69.52,70.17,70.28,70.30,69.67,69.38
2021-8-20 0:54:41,69.53,70.45,71.16,72.02,73.08,73.41,73.09,73.97,74.41,74.91,75.49,74.95,74.80,74.83,75.44,75.92,75.87,76.05,76.39,76.26
2021-8-20 0:54:42,76.54,76.49,76.59,76.73,76.75,77.29,77.39,77.68,77.98,77.89,77.29,76.95,77.23,77.20,77.46,77.73,78.16,78.43,78.68,78.71
2021-8-20 0:54:43,78.43,78.68,78.97,79.43,79.36,79.32,79.66,79.43,79.51,79.21,78.07,78.29,77.86,77.57,77.80,76.26,75.73,74.93,74.29,73.95
2021-8-20 0:54:44,73.45,73.26,72.26,72.22,71.90,71.25,71.17,70.87,70.92,71.85,72.01,72.55,72.73,72.27,72.84,72.92,73.09,73.07,72.90,72.53
2021-8-20 0:54:45,72.34,72.53,72.26,72.35,71.97,71.63,71.50,71.23,71.01,70.44,70.59,70.72,70.76,70.94,70.71,70.84,71.04,71.14,71.24,71.15,70.76
2021-8-20 0:54:46,70.89,70.42,70.41,70.46,69.94,70.39,69.85,69.75,70.15,69.86,70.44,70.78,70.82,71.09,71.50,71.43,71.67,71.77,71.23,71.46
2021-8-20 0:54:47,71.87,71.75,72.30,72.59,72.44,72.70,72.58,72.32,72.15,72.61,73.12,73.67,74.16,74.51,74.49,74.90,75.03,74.28,74.05,73.94
2021-8-20 0:54:48,73.79,74.41,74.64,74.76,74.52,74.33,74.47,73.79,74.30,74.02,73.63,74.42,74.22,74.49,74.72,74.43,74.48,74.83,74.93,74.47
2021-8-20 0:54:49,73.90,73.29,72.71,72.50,72.57,72.59,72.47,72.45,72.65,72.83,73.10,73.87,73.97,74.57,74.67,74.17,74.14,74.32,74.23,73.99
2021-8-20 0:54:50,73.55,73.27,73.53,73.19,72.71,73.03,72.25,71.73,71.47,70.02,69.48,69.15,68.78,67.97,67.80,67.70,67.93,67.83,67.84,68.35,67.77
2021-8-20 0:54:51,67.54,66.85,66.39,66.88,67.61,67.67,67.23,66.41,65.73,65.56,65.88,66.21,66.10,65.78,65.18,65.19,64.83,65.39,65.43,65.35
2021-8-20 0:54:52,65.28,65.47,65.71,65.46,65.87,65.78,65.94,65.77,65.14,64.86,64.51,64.13,64.05,63.67,63.73,64.00,63.95,63.98,63.93,64.03
2021-8-20 0:54:53,64.24,64.40,64.44,64.11,63.80,62.91,62.23,62.52,63.31,63.94,64.08,64.14,63.64,63.44,63.53,63.54,63.64,63.89,63.68,64.07
2021-8-20 0:54:54,63.91,63.86,63.91,63.59,63.66,63.77,64.25,64.21,64.52,64.53,64.84,65.26,64.86,65.43,64.68,64.15,64.31,63.82,64.39,64.96
2021-8-20 0:54:55,65.10,64.83,64.81,64.01,63.16,63.70,63.31,63.52,64.23,63.19,63.72,63.68,63.35,64.30,63.84,63.96,63.74,63.88,64.20
2021-8-20 0:54:56,64.30,64.88,64.80,64.79,65.00,65.11,64.95,65.17,65.00,65.25,65.05,64.91,64.80,64.99,65.34,65.62,65.39,64.82,64.99,64.33
2021-8-20 0:54:57,64.78,64.99,65.07,65.68,65.37,65.57,65.27,64.97,65.54,64.76,64.72,64.42,64.16,64.87,64.48,64.76,64.58,64.09,64.61,65.12
2021-8-20 0:54:58,65.35,65.82,65.42,65.45,65.19,65.36,65.63,65.37,65.51,65.33,65.10,64.60,64.13,63.38,62.84,62.28,61.69,61.47,61.63,62.05
2021-8-20 0:54:59,62.65,62.59,62.51,62.42,61.72,61.84,61.86,61.30,61.93,62.36,61.97,62.33,61.66,60.68,60.88,60.94,61.29,62.45,62.87,64.05
2021-8-20 0:55:0,65.28,65.74,66.71,66.91,67.43,67.71,68.27,68.60,68.62,69.67,70.06,70.61,71.30,71.62,72.27,73.09,74.18,75.01,75.30,75.91
2021-8-20 0:55:1,76.61,77.05,78.12,78.37,79.03,80.11,80.98,82.08,81.68,81.58,80.90,80.28,80.04,78.63,78.19,77.14,76.47,76.28,75.50,75.23
2021-8-20 0:55:2,74.79,74.53,73.71,72.53,71.06,69.64,68.84,68.42,68.06,67.43,67.06,66.47,66.21,65.93,65.08,64.24,63.15,62.76,62.49,62.21
2021-8-20 0:55:3,62.38,61.52,61.05,60.87,60.47,60.42,60.54,60.84,60.16,59.77,59.56,58.68,59.17,59.42,59.06,59.09,59.20,59.43,59.50,59.49
2021-8-20 0:55:4,59.28,59.43,59.44,59.40,59.50,59.13,59.27,59.44,59.49,59.71,59.85,60.25,60.22,60.23,60.65,60.74,60.96,61.16,60.73,60.76
2021-8-20 0:55:5,60.78,60.66,60.64,60.49,60.87,61.78,62.98,64.15,64.41,64.08,64.00,63.62,63.95,64.58,64.74,64.81,64.68,64.67,64.60,64.36,64.01
2021-8-20 0:55:6,63.21,62.43,61.90,61.40,60.81,60.38,60.50,60.27,60.90,61.26,60.73,61.01,60.51,60.28,60.61,60.74,60.33,60.78,61.13,61.46
2021-8-20 0:55:7,61.85,61.28,61.00,60.58,61.03,61.15,61.27,61.69,61.20,61.41,61.21,60.72,61.07,60.66,60.92,60.84,60.51,60.18,59.51,59.49
2021-8-20 0:55:8,58.95,58.83,58.82,58.82,59.02,59.35,59.20,58.92,58.57,58.46,58.01,57.24,57.00,56.70,56.74,57.23,57.58,57.42,58.00,58.24
2021-8-20 0:55:9,58.28,58.83,58.43,57.94,57.46,57.11,58.23,58.84,60.06,61.34,60.61,59.97,58.82,57.57,56.80,57.39,57.68,57.63,57.93,57.35
2021-8-20 0:55:10,56.90,56.72,56.36,56.71,56.85,57.12,57.09,56.82,57.19,56.50,56.33,56.11,55.73,56.33,56.45,56.16,56.11,56.09,57.54,58.05
2021-8-20 0:55:11,57.90,57.51,56.59,56.53,57.01,57.10,57.34,57.76,57.43,58.65,58.60,57.56,57.67,56.56,55.66,56.04,56.24,56.25,56.80,56.91
2021-8-20 0:55:12,56.72,57.09,56.75,56.20,55.84,55.38,56.03,56.44,56.61,56.46,56.36,57.29,57.59,57.64,57.19,56.67,56.53,56.58,56.92,56.66
2021-8-20 0:55:13,57.13,56.97,56.71,56.98,56.67,56.52,56.38,56.30,56.31,56.76,56.46,55.88,55.38,55.48,56.24,56.68,57.49,57.16,57.49,57.89
2021-8-20 0:55:14,58.00,59.13,59.53,60.40,61.79,61.77,61.52,60.59,58.76,58.09,58.19,58.72,59.30,59.42,58.89,58.86,58.89,59.18,59.50,59.28
2021-8-20 0:55:15,59.73,60.07,60.15,60.23,59.79,59.28,59.08,59.46,59.51,59.68,59.96,59.90,60.26,60.36,60.21,60.09,59.86,60.14,60.28,59.61,59.02
2021-8-20 0:55:16,59.24,59.60,60.60,61.04,60.99,60.96,61.20,61.89,61.80,61.82,61.51,61.87,62.24,63.36,63.55,63.34,63.56,63.21,63.70,63.88
2021-8-20 0:55:17,64.24,64.48,64.98,65.28,65.01,64.95,65.14,65.62,66.48,66.90,67.00,67.20,67.17,67.50,67.34,67.74,67.94,68.22,68.74,68.76
2021-8-20 0:55:18,69.32,69.83,70.90,71.74,72.54,73.01,72.70,72.12,71.56,70.80,70.49,70.42,70.05,70.09,69.69,69.25,68.74,68.04,67.16,66.96
2021-8-20 0:55:19,67.27,66.60,65.93,64.45,62.90,62.41,62.08,61.96,61.92,61.65,61.82,62.30,62.19,62.05,61.86,61.44,60.93,60.98,60.49,60.70,61.02
2021-8-20 0:55:20,60.76,61.26,60.48,60.60,61.00,61.05,60.89,60.17,59.85,59.45,59.47,59.33,58.92,59.19,59.13,59.47,59.13,58.76,59.52,60.07
2021-8-20 0:55:21,60.76,60.21,59.60,59.08,58.48,58.61,58.88,58.47,58.80,59.31,58.89,58.88,58.64,58.51,58.43,58.47,58.30,57.87,57.89,58.17
2021-8-20 0:55:22,58.24,58.28,58.35,57.93,57.70,57.26,57.21,57.55,58.16,58.02,57.90,57.94,57.50,57.25,57.20,56.86,56.70,57.09,56.73,56.88
2021-8-20 0:55:23,57.18,57.73,58.61,58.57,58.66,58.75,58.72,58.50,57.96,57.87,57.55,57.68,58.28,58.28,58.11,57.96,58.03,57.70,57.80,57.49
2021-8-20 0:55:24,57.01,57.07,56.70,56.94,56.63,56.38,56.55,56.28,56.35,56.24,56.39,56.75,56.69,57.18,56.50,56.19,56.90,56.87,57.23,57.57,56.97
2021-8-20 0:55:26,56.33,56.05,55.78,55.42,55.57,56.04,56.06,56.20,56.27,55.98,55.83,56.72,57.12,57.57,57.56,56.83,56.27,56.10,55.87,55.76
2021-8-20 0:55:27,55.98,56.24,56.60,56.49,56.45,55.47,55.03,54.73,55.05,55.12,55.23,55.94,55.66,56.73,56.83,56.85,56.05,55.30,55.94,55.92
2021-8-20 0:55:28,56.49,56.91,57.12,56.95,57.34,57.53,57.05,57.16,57.70,58.21,58.36,58.16,57.94,57.06,56.72,56.65,56.44,56.31,56.29,56.85
2021-8-20 0:55:29,56.52,56.19,56.36,55.84,56.10,56.19,55.41,55.54,55.22,55.26,55.69,55.27,55.22,54.66,55.10,55.42,55.33,55.93,55.56,56.06,56.32
2021-8-20 0:55:30,56.03,56.06,55.68,55.63,56.27,55.98,55.50,55.17,55.44,56.03,57.23,57.10,56.37,56.18,55.24,55.66,55.69,54.99,55.06,54.64
2021-8-20 0:55:31,54.77,55.19,54.56,54.69,53.91,53.36,54.06,54.13,54.60,54.37,54.08,54.50,54.83,54.89,54.71,54.19,53.67,54.28,54.63,54.70,54.62
2021-8-20 0:55:32,54.29,54.73,54.80,55.22,55.58,55.57,55.05,55.43,56.08,55.08,55.26,55.37,54.70,55.26,56.01,55.30,55.27,55.67,55.38,56.15
2021-8-20 0:55:33,55.76,55.36,55.34,54.89,55.04,54.55,54.04,54.12,54.62,55.18,55.50,54.83,54.62,55.26,55.07,55.80,56.00,54.93,56.11,55.69
2021-8-20 0:55:34,54.88,55.00,53.94,54.25,54.59,54.82,54.75,54.90,55.65,54.96,54.83,55.05,54.65,54.74,55.04,54.67,54.79,55.50,55.52,55.08
2021-8-20 0:55:35,54.91,55.16,54.56,54.54,55.11,54.83,54.89,55.65,55.19,54.81,55.74,55.68,55.53,55.59,55.97,56.33,55.92,56.39,55.79,54.67
2021-8-20 0:55:36,55.44,55.82,55.25,55.37,55.99,55.72,55.66,56.19,56.08,55.61,55.72,55.72,55.48,55.10,55.57,55.30,55.44,55.91,55.90,55.89
2021-8-20 0:55:37,55.32,55.20,55.10,54.64,54.89,54.96,54.67,55.07,54.73,54.61,54.85,55.21,55.12,54.99,54.82,54.71,54.33,54.91,55.10,55.12
2021-8-20 0:55:38,55.92,55.52,55.52,55.95,56.09,56.34,56.38,55.77,55.19,55.20,55.16,55.03,55.27,54.88,54.75,55.50,55.82,56.21,56.71,56.75
2021-8-20 0:55:39,56.79,56.88,56.93,56.64,56.07,55.99,56.22,56.50,56.70,56.67,55.94,55.05,54.76,54.87,54.72,55.29,55.54,55.56,56.05,56.03
2021-8-20 0:55:40,56.05,56.31,55.81,56.03,56.42,56.17,56.40,55.93,55.39,54.97,55.66,56.25,56.12,57.29,57.47,58.18,59.05,58.80,58.16,57.23
2021-8-20 0:55:41,57.15,56.47,56.87,56.98,57.17,57.74,57.84,58.27,58.13,58.02,57.67,57.26,57.12,56.67,56.82,56.22,55.92,56.34,56.16,56.73
2021-8-20 0:55:42,57.17,57.50,58.02,58.19,58.92,59.10,59.01,60.04,59.92,60.36,61.30,61.22,61.57,61.46,61.37,61.33,60.78,61.23,61.61,61.71
2021-8-20 0:55:43,62.36,62.14,62.07,62.27,62.27,62.69,62.21,61.82,61.64,61.46,61.37,61.47,61.32,61.26,61.82,61.62,61.93,62.40,62.47,63.30,63.49
2021-8-20 0:55:44,63.44,63.72,63.69,63.88,64.01,64.48,64.24,64.72,65.13,64.78,65.32,64.91,64.61,64.40,64.18,64.52,64.79,64.89,65.07,64.98
2021-8-20 0:55:45,64.60,64.59,64.24,63.79,63.81,64.02,64.23,64.79,64.60,64.70,65.62,65.76,66.53,66.14,65.42,65.57,65.80,65.96,66.10,65.78,64.96
2021-8-20 0:55:46,64.70,64.55,64.70,64.94,65.09,64.89,64.52,64.59,64.41,64.47,64.49,64.03,64.12,63.41,62.83
2021-8-20 0:55:47,62.26,61.49,61.14,60.34,59.94,59.89,59.64,59.54,59.57,59.41,59.23,59.34,58.84,58.72,58.92,58.94,59.16,58.89,58.88,58.82,58.86
2021-8-20 0:55:48,59.01,58.61,58.45,58.38,58.70,58.64,58.58,58.73,58.18,58.30,57.94,58.06,57.93,58.26,58.87,58.63,58.99,58.83,58.65,58.46
2021-8-20 0:55:49,57.89,57.28,57.57,57.64,58.15,58.31,58.13,58.28,57.99,57.89,58.09,57.96,58.82,59.14,59.23,59.49,58.71,58.95,58.58,58.92
2021-8-20 0:55:50,59.51,59.49,59.94,59.73,59.58,59.58,59.56,59.95,60.21,61.05,61.54,61.60,61.78,61.64,61.56,61.87,62.28,62.47,62.37,61.99
2021-8-20 0:55:51,61.97,61.76,62.12,62.44,62.63,63.01,63.40,63.80,64.24,64.82,65.27,65.42,65.57,65.46,65.59,66.06,66.86,67.81,68.17,67.95
2021-8-20 0:55:52,67.75,68.32,68.94,69.37,69.64,69.36,69.71,70.14,70.73,70.98,70.45,70.44,69.39,68.17,66.98,66.56,66.26,66.33,66.50,66.49
2021-8-20 0:55:53,66.41,66.29,66.67,66.40,66.10,65.69,65.67,65.47,65.67,66.32,66.28,66.40,66.26,65.64,65.67,65.67,66.11,66.24,66.31,66.39
2021-8-20 0:55:54,66.46,66.64,67.13,67.43,67.31,67.50,67.05,66.74,66.57,66.62,67.04,66.82,67.41,67.88,67.39,67.70,67.29,65.87,65.73,65.27
2021-8-20 0:55:55,65.49,66.32,66.48,66.31,65.35,65.05,64.44,64.35,64.43,64.09,64.21,64.21,63.70,63.65,63.28,63.39,63.75,64.01,64.00,64.00,63.88
2021-8-20 0:55:56,63.85,64.23,64.47,64.49,64.82,64.71,64.42,64.73,64.83,64.59,64.63,64.40,63.92,64.02,63.65,63.40,63.40,63.57,63.77,64.15
2021-8-20 0:55:57,64.43,64.41,64.61,65.17,64.73,65.13,65.50,65.09,65.63,65.50,65.27,65.55,65.89,66.14,66.79,67.32,66.94,67.20,67.37,67.75
2021-8-20 0:55:58,68.72,68.95,69.23,69.12,69.54,69.48,69.79,70.44,70.44,71.47,71.40,71.59,71.78,71.94,72.68,73.19,73.21,72.83,73.62,73.56
2021-8-20 0:55:59,73.74,74.21,73.56,73.18,73.09,72.55,71.77,71.19,70.46,69.63,68.58,67.54,66.28,65.34,64.98,64.25,63.71,63.38,62.44,62.31
2021-8-20 0:56:0,62.06,61.10,60.95,60.29,59.88,59.85,60.00,60.05,59.43,59.63,59.02,58.88,59.22,59.15,59.32,59.43,59.93,59.84,59.91,59.81
2021-8-20 0:56:1,59.41,59.75,59.24,59.01,59.18,58.66,58.63,58.95,58.99,59.34,59.56,59.35,59.03,58.57,58.57,58.47,58.46,58.25,58.16,58.18
2021-8-20 0:56:2,58.20,58.42,58.34,58.26,58.38,58.32,58.18,58.26,58.11,57.89,57.81,57.66,57.44,57.61,57.89,57.69,57.82,59.14,61.36,63.49,64.85
2021-8-20 0:56:3,64.26,61.61,59.70,57.92,57.14,57.09,56.93,57.40,56.99,57.33,57.07,56.75,57.22,56.76,56.65,56.68,56.24,56.25,56.41,56.56
2021-8-20 0:56:4,56.35,56.19,55.94,56.15,56.62,56.73,56.65,56.37,56.43,56.67,56.61,56.25,56.02,56.18,56.59,56.30,55.87,55.34,55.15,55.95,56.50
2021-8-20 0:56:5,56.49,56.84,56.68,56.61,57.03,57.00,56.84,57.13,57.23,57.27,57.53,57.34,57.13,57.14,57.88,58.32,58.52,58.70,57.85,57.54
2021-8-20 0:56:6,57.81,57.91,58.11,58.22,58.16,58.04,58.62,58.62,58.96,59.54,59.69,60.66,61.31,61.26,61.11,60.67,60.76,61.22,62.01,62.63
2021-8-20 0:56:7,62.68,62.42,62.51,63.18,63.39,63.44,63.57,63.14,63.02,64.01,63.16,62.66,62.65,62.09,62.22,62.57,62.01,61.21,61.65,61.21,60.66
2021-8-20 0:56:8,60.46,59.96,59.62,60.06,60.69,60.59,61.39,61.79,61.95,61.70,61.68,62.03,61.89,61.97,61.62,61.24,61.22,61.30,61.66,61.81
2021-8-20 0:56:9,62.23,62.43,62.28,61.97,62.77,63.10,63.50,64.85,63.93,64.15,64.22,63.92,64.95,65.25,65.83,66.36,66.48,67.29,67.12,67.20
2021-8-20 0:56:10,67.09,66.16,65.72,65.04,64.42,64.14,63.37,62.80,62.14,62.18,62.18,61.93,61.77,61.34,61.65,61.68,61.76,61.75,61.73,61.63
2021-8-20 0:56:11,61.88,61.87,61.34,60.86,60.67,60.35,60.62,61.05,61.48,61.95,61.86,61.41,60.56,60.38,60.46,60.36,60.46,60.53,60.57,60.67
2021-8-20 0:56:12,60.67,59.99,59.30,59.05,59.17,59.54,59.22,59.37,59.01,59.08,59.50,59.04,59.01,58.79,58.58,59.91,60.60,60.66,61.60,60.87
2021-8-20 0:56:13,60.00,59.64,58.98,58.97,59.00,58.86,58.37,58.37,58.08,58.11,58.58,58.34,58.21,58.53,58.42,58.42,58.76,58.26,58.35,58.34
2021-8-20 0:56:14,58.91,58.86,58.80,58.85,58.56,59.08,59.10,59.37,59.48,59.35,59.69,59.60,59.70,59.49,59.25,59.81,59.77,60.25,60.24,59.42
2021-8-20 0:56:15,59.64,59.45,59.35,59.61,58.91,58.13,58.11,57.86,58.21,58.64,58.27,58.22,58.06,57.97,58.52,58.34,58.19,58.69,58.76,58.91
2021-8-20 0:56:16,59.25,59.21,59.38,59.73,59.88,60.52,60.83,61.56,61.86,62.05,62.12,62.24,62.30,62.09,62.76,62.32,62.65,62.95,62.28,62.89,63.30
2021-8-20 0:56:17,63.04,63.17,63.18,62.71,63.69,64.05,64.10,64.76,64.63,64.64,64.72,64.84,64.41,64.96,65.99,66.09,66.37,66.07,65.70,65.37,66.01
2021-8-20 0:56:18,66.60,66.61,67.16,67.23,67.23,67.53,67.58,67.35,67.37,67.16,66.77,66.89,66.57,65.97,66.53,66.26,66.85,67.39,67.19,67.18
2021-8-20 0:56:19,66.55,66.20,65.95,65.91,65.70,65.73,65.78,65.51,65.54,65.10,64.96,64.75,63.83,63.48,62.61,62.31,62.58,62.26,62.31,61.90
2021-8-20 0:56:20,61.59,61.71,61.70,61.96,61.94,61.72,61.62,61.56,61.36,61.85,61.50,61.50,61.88,61.58,61.32,60.72,60.71,60.92,61.06,61.27,60.57
2021-8-20 0:56:21,60.15,60.07,59.59,60.42,59.95,60.06,60.12,59.07,58.94,58.68,59.08,59.70,60.11,59.87,59.79,59.65,59.49,59.95,59.69,59.29
2021-8-20 0:56:22,59.74,59.62,59.71,59.80,59.26,59.16,59.06,59.41,59.54,59.45,59.42,59.28,58.97,59.12,58.71,58.22,58.54,58.53,59.13,59.23
2021-8-20 0:56:23,59.10,58.28,58.16,58.70,58.94,59.62,59.32,58.51,57.96,57.93,57.65,57.75,57.22,56.68,57.07,57.30,57.41,57.28,56.95,56.69
2021-8-20 0:56:24,57.15,57.09,57.05,57.06,56.93,56.93,56.96,56.63,56.64,56.80,57.06,57.08,57.30,57.29,56.64,56.88,56.42,56.84,57.29,56.72
2021-8-20 0:56:25,57.06,56.64,57.04,57.78,57.60,57.94,57.15,56.80,56.89,56.95,56.79,56.84,56.51,57.17,58.17,59.72,60.40,59.82,59.06,57.59
2021-8-20 0:56:26,57.19,57.06,57.45,57.40,57.29,57.84,58.05,57.87,57.56,56.56,56.47,56.82,57.94,58.48,58.64,59.15,58.88,58.41,57.60,57.50
2021-8-20 0:56:27,57.50,58.04,58.30,57.70,57.11,57.10,57.45,57.65,57.53,56.95,56.75,56.59,57.47,58.04,58.26,58.29,57.85,57.78,57.02,56.62,56.96
2021-8-20 0:56:28,56.54,57.20,57.64,56.89,57.05,56.64,57.12,57.58,57.76,59.00,58.09,57.73,57.89,56.90,57.64,57.50,57.29,57.20,56.78,56.72
2021-8-20 0:56:29,56.24,56.37,56.85,57.31,57.94,57.65,57.72,57.92,57.23,57.87,57.28,57.14,57.43,57.50,57.91,57.92,58.29,58.52,58.82,58.86
2021-8-20 0:56:30,59.14,58.55,57.84,57.78,56.95,56.66,57.03,56.68,56.95,56.85,56.81,56.83,56.79,57.12,57.44,58.07,57.69,57.71,57.04,57.01,58.03
2021-8-20 0:56:31,58.19,58.64,58.60,58.27,57.55,57.00,56.84,57.03,57.16,57.06,56.95,56.91,57.30,57.56,57.33,57.03,56.83,56.97,56.98,56.91,56.88
2021-8-20 0:56:32,56.40,56.48,56.88,57.83,58.81,59.08,58.97,58.71,58.14,57.32,56.79,56.05,56.71,58.66,59.19,60.29,60.22,59.54,59.32,58.18
2021-8-20 0:56:33,57.90,57.43,57.66,57.73,56.91,56.54,56.49,56.77,57.35,57.84,58.09,58.14,58.19,57.92,57.29,57.61,57.43,57.69,57.56,57.58,57.69
2021-8-20 0:56:34,57.25,57.69,57.32,57.33,57.23,57.19,57.42,57.84,57.91,57.92,57.70,57.98,58.08,57.52,57.23,56.84,57.31,57.48,57.55,57.49
2021-8-20 0:56:35,57.15,57.17,57.35,57.21,56.95,57.39,57.40,57.17,57.15,56.83,56.47,56.05,57.05,57.69,58.67,59.04,57.81,57.02,56.65,56.68
2021-8-20 0:56:36,56.86,56.85,56.85,57.13,57.36,58.23,57.88,58.55,59.05,58.01,58.21,57.92,57.82,58.12,57.72,57.42,57.16,57.06,57.51,57.24,57.50
2021-8-20 0:56:37,57.42,56.91,57.04,57.17,57.93,58.55,57.99,57.26,56.64,56.40,57.01,56.98,56.77,56.89,57.08,57.53
2021-8-20 0:56:38,57.78,57.55,57.71,57.63,57.57,57.85,57.82,57.83,58.02,57.63,57.11,57.17,57.07,56.96,56.82,57.05,57.02,57.17,57.81,57.68
2021-8-20 0:56:39,57.91,57.93,57.42,57.49,57.44,57.26,57.39,57.01,57.26,57.85,57.53,57.74,58.04,58.35,59.17,59.45,59.46,59.18,58.39,58.19
2021-8-20 0:56:40,57.60,57.76,58.18,58.27,58.26,57.95,57.92,57.67,57.59,57.85,58.01,57.69,57.57,57.23,57.54,57.54,57.36,57.48,57.34,58.08
2021-8-20 0:56:41,58.81,58.73,58.09,57.96,57.96,57.78,57.90,58.02,58.08,58.10,57.79,57.60,57.75,57.91,58.41,58.23,57.80,58.46,58.76,58.78
2021-8-20 0:56:42,59.25,59.03,58.61,58.78,58.80,58.55,58.84,58.47,58.14,58.25,58.36,58.37,57.89,57.76,57.82,58.19,58.50,58.45,58.48,58.18
2021-8-20 0:56:43,58.27,58.09,57.60,58.46,58.41,58.10,58.36,57.77,58.04,58.47,58.15,57.81,58.02,57.75,57.56,57.51,57.19,57.67,58.15,58.03
2021-8-20 0:56:44,58.12,58.23,57.76,57.68,57.37,57.23,57.03,57.04,56.99,57.11,57.19,57.09,56.99,56.77,57.59,57.95,57.90,58.08,58.41,58.18
2021-8-20 0:56:45,58.25,57.85,57.48,58.10,58.08,57.50,56.94,56.85,56.34,56.51,56.86,57.54,58.33,58.75,58.60,58.16,58.07,58.04,57.99,57.46
2021-8-20 0:56:46,57.73,57.07,56.64,56.55,56.90,57.33,57.72,57.92,57.57,58.45,58.49,58.14,57.53,57.47,57.67,58.37,58.43,58.37,58.28,57.70
2021-8-20 0:56:47,58.12,57.85,58.33,58.62,58.15,57.92,58.02,57.68,57.62,57.52,57.27,58.19,58.67,58.32,57.62,56.80,56.80,57.57,58.51,59.15
2021-8-20 0:56:48,59.09,58.71,57.84,57.19,56.84,56.84,56.95,57.64,58.45,58.85,59.70,59.14,58.29,58.02,57.19,57.24,57.35,57.63,58.22,58.63
2021-8-20 0:56:49,59.31,59.29,59.30,59.48,58.58,58.11,57.81,57.84,57.98,58.25,58.35,58.25,58.93,58.66,58.30,57.71,57.01,57.07,57.41,58.08,59.09
2021-8-20 0:56:51,59.76,59.37,58.28,56.73,56.06,56.14,56.27,57.38,57.57,57.21,57.07,56.15,56.05,56.39,56.92,57.50,57.20,57.24,56.94,57.23
2021-8-20 0:56:52,57.91,57.57,57.66,57.02,56.55,57.07,57.36,57.41,56.94,56.49,56.55,57.16,57.24,57.25,57.38,57.36,58.14,58.33,57.48,57.15
2021-8-20 0:56:53,57.01,57.28,57.43,57.14,57.30,57.09,57.28,57.30,56.83,56.72,57.04,57.13,57.09,57.01,57.18,57.60,57.64,58.11,57.90,57.64
2021-8-20 0:56:54,57.93,57.52,57.59,58.32,58.07,58.18,58.12,57.61,57.86,57.85,57.32,57.05,57.65,57.47,58.09,58.10,57.84,58.33,57.88,58.17,57.79
2021-8-20 0:56:55,57.58,57.81,57.71,57.72,57.95,58.27,58.09,57.90,57.78,57.75,57.88,57.83,57.46,57.77,57.57,57.27,57.91,57.81,58.26,58.35
2021-8-20 0:56:56,57.67,57.14,57.09,57.58,57.53,57.76,57.27,56.90,57.30,57.23,57.35,57.83,57.26,57.01,57.35,57.52,57.70,57.43,57.49,57.45
2021-8-20 0:56:57,57.93,58.27,57.50,57.34,57.50,57.65,57.72,57.24,57.38,56.86,57.24,56.94,56.53,57.12,56.54,57.45,57.32,57.80,57.99,57.48,57.78
2021-8-20 0:56:58,57.69,57.82,57.44,57.28,57.34,57.78,57.99,57.86,57.44,57.81,58.39,58.35,58.24,57.94,57.60,57.58,57.24,57.11,57.05,57.03,57.21
2021-8-20 0:56:59,57.19,57.12,56.95,56.88,56.63,56.94,57.01,56.94,56.82,57.07,57.48,57.30,57.25,57.14,56.95,56.87,56.97,56.87,57.38,58.02
2021-8-20 0:57:0,57.78,57.61,57.53,57.95,58.37,58.41,58.22,57.87,57.78,57.08,57.00,56.85,56.95,57.62,57.42,57.14,57.33,57.38,57.19,57.24,57.09
2021-8-20 0:57:1,57.10,57.03,56.94,57.39,57.45,58.04,57.65,57.22,57.72,57.36,57.95,58.20,58.37,58.04,57.77,58.45,58.18,58.21,58.25,57.77
2021-8-20 0:57:2,57.64,58.57,58.30,58.44,58.04,57.70,57.77,57.77,57.35,57.09,57.64,57.19,57.65,57.72,58.36,58.23,58.06,58.01,58.10,58.45
2021-8-20 0:57:3,58.61,58.08,57.72,57.63,57.91,58.12,57.83,57.40,56.96,57.39,57.18,57.18,58.15,58.45,58.44
2021-8-20 0:57:4,58.58,57.86,57.54,57.70,57.45,57.87,57.67,57.75,57.66,57.42,57.42,57.59,57.96,58.04,57.67,57.96,57.92,57.47,57.81,57.14
2021-8-20 0:57:5,57.77,57.66,57.75,57.59,57.25,57.73,57.40,58.05,58.14,58.37,58.94,58.39,58.21,58.30,57.93,57.98,57.81,57.71,57.40,57.54
2021-8-20 0:57:6,57.62,57.52,58.14,58.00,57.90,57.94,58.27,58.22,57.93,57.36,57.20,57.20,56.94,56.58,56.14,56.38,56.63,56.85,56.68,56.92
2021-8-20 0:57:7,57.53,57.78,58.06,57.89,57.97,57.62,57.67,57.76,57.23,57.54,57.45,56.92,56.97,57.66,57.65,57.60,57.72,57.17,57.04,57.17
2021-8-20 0:57:8,57.17,57.57,57.92,58.10,58.27,58.01,58.20,58.32,57.95,58.10,58.17,58.34,58.47,58.74,58.38,58.25,58.43,58.16,58.45,59.00
2021-8-20 0:57:9,59.10,59.13,59.01,58.95,59.72,60.37,60.62,60.99,61.09,61.08,61.58,61.45,61.27,61.59,62.21,62.92,64.34,65.26,65.63,65.54
2021-8-20 0:57:10,66.55,66.51,67.51,68.51,67.73,68.16,67.53,68.53,68.63,69.16,69.43,69.24,70.45,69.97,70.58,70.70,70.62,71.94,71.91,72.08
2021-8-20 0:57:11,72.50,72.35,73.28,74.24,73.87,73.82,73.45,72.97,73.66,74.01,74.11,74.46,74.20,74.66,75.10,74.78,74.80,73.90,73.82,73.39
2021-8-20 0:57:12,73.11,72.61,72.29,72.12,71.34,71.16,70.30,70.31,71.08,71.03,71.84,72.09,71.74,72.51,72.16,72.17,72.69,72.79,72.93,73.05
2021-8-20 0:57:13,72.62,72.72,73.00,72.84,72.87,72.15,71.21,70.85,70.24,70.12,70.25,70.19,69.84,69.31,69.21,68.49,68.38,68.29,67.56,67.38
2021-8-20 0:57:14,67.60,68.06,68.51,68.15,67.33,66.49,66.00,66.45,66.82,67.09,67.32,67.50,67.73,67.94,67.81,67.47,67.21,67.18,67.73,67.95
2021-8-20 0:57:15,68.18,68.12,67.64,67.59,67.55,67.82,67.89,68.15,68.31,67.96,68.03,68.31,68.15,68.22,68.32,67.77,67.69,67.66,67.91,68.18
2021-8-20 0:57:16,68.76,69.00,68.90,69.10,68.36,68.23,68.60,68.12,68.10,68.33,67.57,67.31,67.39,67.42,67.14,67.51,67.71,67.33,67.68,67.71
2021-8-20 0:57:17,67.59,67.57,67.29,66.86,66.59,66.14,66.20,66.20,65.91,65.94,65.99,65.99,66.30,66.36,66.32,66.48,66.77,67.17,67.67,67.64
2021-8-20 0:57:18,67.84,67.88,67.43,68.01,67.97,68.10,68.69,68.63,69.37,70.04,70.06,70.23,69.69,69.64,69.85,69.78,70.00,69.95,70.16,70.45,70.78
2021-8-20 0:57:19,71.03,71.28,71.21,70.95,70.76,70.42,70.07,69.50,69.26,69.47,70.03,70.91,71.04,71.17,70.83,70.58,71.10,71.08,71.02,70.55
2021-8-20 0:57:20,69.70,69.04,68.89,68.16,67.31,67.27,66.81,67.13,67.85,67.23,67.18,67.56,67.72,68.57,68.69,68.89,69.04,68.56,68.81,68.72,67.87
2021-8-20 0:57:21,67.55,67.41,67.10,67.49,67.59,67.53,67.26,67.99,68.53,69.23,69.92,69.67,69.87,69.80,70.52,71.14,70.76,70.77,69.99,68.99
2021-8-20 0:57:22,68.72,67.89,67.65,67.25,67.16,67.13,67.19,67.24,66.94,67.04,66.68,66.25,66.08,65.51,64.74,64.55,63.75,63.37,63.26,63.25
2021-8-20 0:57:23,63.56,64.21,64.18,64.46,65.03,64.66,64.91,64.87,64.50,64.84,65.00,64.87,65.11,65.09,65.56,65.33,65.45,65.54,64.93,65.40
2021-8-20 0:57:24,65.43,65.56,65.67,65.67,65.36,64.98,64.84,64.66,64.70,64.53,64.33,64.38,64.22,64.87,65.40,65.31,65.69,64.86,64.61,64.57
2021-8-20 0:57:25,64.58,64.87,65.71,65.97,65.54,65.74,65.60,65.91,66.85,67.49,67.11,67.17,66.78,66.07,66.32,66.62,66.80,67.38,67.27,66.72
2021-8-20 0:57:26,66.65,66.34,66.77,67.05,66.97,67.23,66.74,66.49,66.35,65.98,66.15,65.55,65.93,65.72,65.06,65.59,64.74,65.12,65.29,64.71
2021-8-20 0:57:27,64.77,63.68,63.19,63.36,63.24,63.51,63.70,63.95,64.45,65.08,65.43,65.04,65.35,64.93,65.14,65.22,64.96,65.28,65.21,66.25
2021-8-20 0:57:28,66.60,67.40,67.78,68.01,67.94,67.71,67.60,67.28,67.90,68.41,68.74,68.70,68.46,67.70,67.74,68.10,67.79,67.88,67.68,67.36
2021-8-20 0:57:29,67.45,67.42,68.19,68.10,68.94,69.18,68.70,69.31,69.55,70.10,71.21,71.93,71.87,72.56,71.41,70.84,70.32,69.33,69.54
2021-8-20 0:57:30,69.17,68.87,68.48,68.42,68.93,68.97,70.02,69.96,69.67,70.55,70.06,70.63,71.23,70.68,71.10,71.26,71.58,72.07,72.14,72.70
2021-8-20 0:57:31,72.75,72.88,73.03,72.23,72.16,72.16,71.99,71.81,71.17,70.31,69.69,69.11,69.05,68.99,68.38,68.54,68.00,67.85,68.36,67.91
2021-8-20 0:57:32,67.76,67.69,67.93,68.22,68.34,68.68,68.85,68.68,69.23,69.60,70.04,70.46,70.34,70.09,70.30,70.65,71.00,71.17,70.92,71.42
2021-8-20 0:57:33,70.50,70.85,70.63,70.34,70.85,70.36,70.24,69.73,69.63,70.23,70.17,70.54,70.75,70.33,69.95,69.77,69.45,68.98,69.09,69.50
2021-8-20 0:57:34,69.83,69.88,69.75,69.52,69.25,69.60,69.89,70.23,70.05,70.07,70.43,70.08,70.52,70.34,70.31,71.25,71.23,71.36,73.16,73.30
2021-8-20 0:57:35,74.41,75.79,75.86,76.16,76.65,76.68,76.21,76.92,77.62,78.01,77.93,77.31,76.02,75.16,73.75,72.16,70.78,69.58,69.18,69.17
2021-8-20 0:57:36,69.01,68.88,68.75,68.36,68.42,68.17,68.31,68.37,68.10,68.09,67.80,67.17,67.10,66.88,66.64,67.08,66.64,66.90,66.60,65.59
2021-8-20 0:57:37,65.73,65.39,65.02,65.34,64.77,64.17,64.23,64.14,64.64,65.04,64.34,64.21,64.12,63.72,63.95,63.89,62.85,63.06,63.28,63.09
2021-8-20 0:57:38,63.92,63.19,63.04,63.02,62.68,62.47,62.30,62.48,61.97,62.40,62.11,61.24,61.45,61.03,61.00,60.97,61.24,60.98,61.52,61.55
2021-8-20 0:57:39,61.73,62.40,62.37,62.98,62.41,62.34,62.19,62.08,61.97,61.91,62.50,62.49,62.73,62.76,61.93,61.11,61.11,61.45,61.53,61.88
2021-8-20 0:57:40,62.53,61.86,62.36,63.00,62.89,63.61,63.48,63.59,63.34,63.26,63.39,63.33,63.61,63.38,62.81,62.67,62.62,62.52,62.89,62.49
2021-8-20 0:57:41,62.17,61.67,61.18,61.42,60.96,61.26,60.75,60.42,60.77,60.54,61.38,61.17,61.12,61.61,61.13,61.16,60.99,60.87,61.30,61.77
2021-8-20 0:57:42,61.65,61.78,61.75,62.23,62.00,61.70,62.05,62.09,62.65,63.31,63.01,62.30,62.84,61.66,61.54,61.47,60.53,61.23,60.94,60.88
2021-8-20 0:57:43,61.92,61.74,61.80,61.72,61.01,61.11,61.20,61.43,61.14,60.96,60.46,60.55,60.32,60.05,60.39,60.03,59.96,60.38,60.00,59.59
2021-8-20 0:57:44,59.35,58.61,59.02,59.68,60.32,60.52,60.22,59.73,59.75,60.22,60.24,60.83,61.12,61.56,61.57,61.52,61.21,60.71,60.68,60.40
2021-8-20 0:57:45,60.39,60.72,61.55,62.04,61.75,61.99,61.73,61.93,62.60,62.49,62.80,62.60,63.50,64.52,64.89,65.62,65.07,64.54,64.71,64.92,64.74
2021-8-20 0:57:46,64.76,64.76,64.66,65.76,66.67,66.98,67.83,67.93,67.83,68.55,68.37,68.49,67.97,67.41,67.37,67.20,67.36,66.53,66.24,65.99,66.18
2021-8-20 0:57:47,66.82,66.59,67.05,67.16,67.40,68.33,67.84,68.08,67.96,67.73,68.12,68.31,68.08,68.92,69.48,70.05,70.72,69.97,69.38,68.38
2021-8-20 0:57:48,68.69,68.61,68.38,68.62,68.32,68.30,68.10,68.02,67.51,67.77,67.75,67.79,68.58,68.24,68.39,68.29,67.67,68.16,68.22,67.79,67.90
2021-8-20 0:57:49,67.77,68.23,68.57,69.01,68.84,68.82,69.18,69.28,69.44,69.82,70.34,70.57,71.16,70.54,69.92,69.65,68.78,68.77,68.53,68.24
2021-8-20 0:57:50,68.04,67.96,68.37,68.41,68.52,68.36,67.36,67.05,67.30,67.76,68.09,68.49,68.35,68.16,68.25,67.43,67.56,67.29,67.48,67.39
2021-8-20 0:57:51,67.49,67.68,67.90,68.12,67.51,67.66,67.99,68.77,69.63,69.88,69.87,69.81,69.71,69.62,69.63,70.29,70.32,70.59,70.61,70.23,70.13
2021-8-20 0:57:52,70.25,69.83,69.91,70.48,70.37,70.61,70.77,71.25,71.53,71.84,72.16,72.01,71.80,71.88,71.37,70.52,70.53,70.54,70.66,70.55
2021-8-20 0:57:53,70.91,70.82,70.80,71.12,70.55,70.70,70.83,70.36,70.58,69.83,69.82,70.05,69.50,69.60,68.83,69.14,69.23,69.90,70.37,70.22
2021-8-20 0:57:54,70.57,70.33,69.92,69.67,70.37,70.29,70.23,69.97,68.90,68.75,69.35,69.12,69.14,68.54,67.32,66.94,67.01,66.88,67.79
2021-8-20 0:57:55,68.39,67.45,67.53,66.95,66.65,66.76,66.35,65.57,64.98,65.05,65.37,66.22,66.50,66.65,66.06,65.52,65.85,65.35,65.44,65.21
2021-8-20 0:57:56,64.16,64.72,64.98,65.03,65.21,64.64,64.73,64.71,64.75,65.18,65.36,65.60,66.10,66.08,65.60,65.92,65.51,65.17,65.47,64.77
2021-8-20 0:57:57,64.53,64.44,63.98,64.50,65.20,65.51,65.31,65.16,65.00,65.19,65.57,65.67,65.87,65.13,64.77,64.25,64.35,64.15,64.29,64.55
2021-8-20 0:57:58,63.79,63.86,64.02,63.66,63.45,63.55,63.49,63.28,63.27,63.74,63.70,64.26,64.89,64.97,64.94,65.15,65.41,64.56,65.00,65.26
2021-8-20 0:57:59,64.92,65.64,65.00,64.34,64.51,64.66,65.03,65.36,65.54,65.09,65.33,65.66,65.28,65.98,66.51,66.53,67.10,67.22,67.37,68.15
2021-8-20 0:58:0,68.49,69.04,68.62,68.20,68.40,67.98,68.30,68.39,68.46,68.85,69.12,69.07,68.94,69.13,69.39,70.35,70.84,70.64,70.51,70.01
2021-8-20 0:58:1,69.38,69.67,69.44,68.81,68.75,68.05,67.70,67.80,67.49,67.49,67.21,67.02,67.32,67.05,67.54,66.92,66.16,66.34,66.06,66.15
2021-8-20 0:58:2,65.99,66.06,65.97,65.75,66.09,65.33,64.78,65.29,65.28,65.57,65.73,65.98,65.71,66.08,66.00,65.55,65.99,65.98,66.18,66.55
2021-8-20 0:58:3,66.80,66.83,67.04,67.24,67.08,67.10,67.71,67.26,67.27,67.40,67.12,66.80,67.11,66.23,66.17,66.81,66.97,67.37,67.46,67.96
2021-8-20 0:58:4,67.74,68.37,68.05,67.44,67.30,66.61,66.18,66.16,65.53,65.66,66.29,65.38,65.67,64.91,64.48,65.53,64.93,65.95,66.13,66.01
2021-8-20 0:58:5,66.54,65.86,65.38,65.32,65.50,65.67,65.66,65.15,64.71,64.80,65.43,66.16,66.49,66.06,64.71,64.08,63.26,62.98,63.81,63.57
2021-8-20 0:58:6,63.43,63.58,63.10,62.94,62.99,62.66,62.37,62.44,62.32,62.72,62.72,62.83,62.98,63.23,63.89,63.73,63.65,63.32,63.05,62.73
2021-8-20 0:58:7,63.11,62.88,63.26,63.38,62.84,62.44,61.62,61.58,61.51,62.07,62.18,62.25,62.28,61.89,62.04,61.72,62.09,61.87,61.63,61.81
2021-8-20 0:58:8,61.67,62.10,61.60,61.28,61.21,60.95,60.99,61.15,61.28,62.02,62.49,62.35,62.42,61.49,61.79,61.62,61.34,61.77,61.53,62.68
2021-8-20 0:58:9,63.02,63.29,62.98,62.07,61.72,61.57,61.78,61.90,62.23,62.21,62.23,62.21,62.23,62.18,62.00,61.86,61.34,61.51,62.04,62.24
2021-8-20 0:58:10,62.34,62.25,61.53,61.86,61.90,61.54,62.03,61.72,61.58,61.61,61.54,61.70,62.07,62.14,62.17,61.65,61.21,60.96,60.96,61.85
2021-8-20 0:58:11,61.92,61.72,61.80,61.31,61.19,61.61,61.27,61.31,61.29,61.11,61.61,61.22,61.50,61.94,61.43,61.54,61.70,61.33,61.13,61.74
2021-8-20 0:58:12,61.27,61.57,61.43,60.77,60.85,60.98,61.79,61.67,61.97,61.44,61.46,61.59,61.23,61.72,61.78,61.84,62.57,63.19,62.48,62.44
2021-8-20 0:58:13,61.59,60.45,61.03,61.51,61.84,61.75,61.04,60.42,60.69,61.11,61.85,62.19,61.99,61.74,61.87,62.32,62.91,62.70,62.28,62.04
2021-8-20 0:58:14,61.43,61.72,61.92,61.83,61.56,62.05,62.70,63.03,63.99,64.32,64.37,64.28,64.20,63.93,63.49,63.74,63.73,64.10,64.44,64.57,65.15
2021-8-20 0:58:15,65.02,65.58,66.17,66.53,67.11,67.32,67.16,67.17,67.46,67.79,69.01,69.35,69.52,70.13,69.99,70.23,71.09,71.17,71.03,71.45
2021-8-20 0:58:16,71.77,71.81,71.99,71.80,71.69,70.63,70.10,69.55,68.78,69.21,69.06,69.14,68.57,67.87,67.20,66.38,65.24,63.96,63.76,62.96
2021-8-20 0:58:17,62.88,63.24,62.97,62.87,62.72,62.28,61.67,61.45,61.30,61.81,62.03,62.25,62.62,62.25,62.48,62.68,62.50,62.18,62.51,62.46
2021-8-20 0:58:18,62.30,62.90,62.76,62.64,63.25,63.78,64.05,64.33,64.11,63.46,63.30,64.04,64.05,64.05,63.94,62.95,62.57,62.56,62.07,62.15
2021-8-20 0:58:19,62.48,63.13,63.42,63.39,63.39,62.91,63.14,63.07,63.17,63.52,63.08,63.45,63.60,63.15,63.45,63.32,62.76,63.23,63.41,63.46
2021-8-20 0:58:20,64.62,64.98,65.15,65.54,64.94,64.45,64.61,63.63,63.94,63.76,63.71,64.40,64.22,64.14,64.15,64.52,64.74,64.90,64.61,64.41
2021-8-20 0:58:21,64.59,65.27,65.65,65.84,65.77,65.85,66.47,67.21,67.58,67.60,67.13,66.75,66.57,67.04,67.86,68.22,69.20,69.34,69.22,69.38
2021-8-20 0:58:22,68.55,69.40,70.17,70.79,71.66,71.22,70.47,70.51,70.43,70.64,70.86,70.36,70.81,70.80,71.84,72.49,72.76,73.09,72.31,72.29
2021-8-20 0:58:23,72.22,72.17,72.70,73.33,74.01,74.85,74.98,74.67,74.15,74.19,74.28,74.48,74.15,73.84,72.96,72.08,72.11,70.98,70.77,70.39
2021-8-20 0:58:24,69.86,69.50,69.40,69.11,68.02,67.80,66.70,66.82,66.87,66.08,66.22,65.60,65.49,65.73,65.14,64.70,64.21,63.22,63.13,62.42
2021-8-20 0:58:25,62.36,62.59,62.04,62.22,61.90,61.91,62.39,61.94,61.34,60.85,60.77,61.24,61.90,61.99,61.61,61.15,61.14,61.73,61.96,62.03
2021-8-20 0:58:26,61.78,61.10,61.67,62.07,62.27,62.47,62.63,62.91,62.96,63.82,63.44,62.98,63.27,63.39,63.42,64.29,64.86,63.89,64.20,64.22
2021-8-20 0:58:27,63.87,64.74,64.61,64.72,64.94,64.78,65.35,65.61,65.73,65.69,65.58,64.99,65.07,65.72,65.90,66.36,66.36,66.45,66.71,67.20
2021-8-20 0:58:28,67.68,68.02,68.01,68.08,68.83,69.53,69.73,70.92,70.57,70.50,70.82,70.17,71.17,71.38,72.91,73.67,74.30,74.94,75.05,75.19
2021-8-20 0:58:29,74.30,74.06,73.29,73.95,74.58,75.48,75.93,76.04,77.38,78.35,78.98,80.16,79.51,78.63,78.86,77.58,77.54,77.27,77.63,77.63
2021-8-20 0:58:30,77.44,78.41,78.75,78.89,78.98,77.87,76.89,77.50,76.81,76.69,75.95,74.70,74.23,73.81,73.44,72.95,73.18,72.20,71.42,70.87
2021-8-20 0:58:31,69.88,69.75,69.11,68.30,67.53,66.98,67.29,67.07,67.77,67.44,66.71,66.67,65.87,65.56,66.26,66.28,65.90,66.24,65.46,65.32
2021-8-20 0:58:32,65.83,65.74,65.67,65.66,65.08,65.14,65.32,65.05,64.82,64.82,64.16,64.34,64.33,63.72,63.91,63.83,63.93,64.13,64.15,63.86
2021-8-20 0:58:33,64.30,63.92,63.72,63.86,63.57,63.68,63.87,63.86,64.12,64.04,64.53,65.35,65.15,65.42,65.12,63.69,63.65,63.45,62.85,64.06
2021-8-20 0:58:34,64.15,65.79,66.40,65.67,65.98,64.37,64.57,64.62,63.81,63.74,62.90,62.52,62.76,62.58,62.45,61.99,61.23,61.89,63.05,63.12,63.13
2021-8-20 0:58:35,62.29,61.43,62.60,62.69,62.53,61.66,60.65,61.54,62.33,62.67,62.81,61.89,62.21,62.51,62.87,62.86,62.25,63.34,62.65,62.64
2021-8-20 0:58:36,62.52,62.62,65.49,66.12,66.31,65.75,63.82,64.53,64.19,63.60,63.17,62.89,63.84,64.18,64.19,63.97,64.05,63.57,63.70,63.76
2021-8-20 0:58:37,63.38,64.71,65.10,65.01,64.90,64.00,64.68,64.59,64.79,65.83,65.40,66.16,66.74,66.57,66.76,67.19,67.05,67.38,67.08,66.52
2021-8-20 0:58:38,66.95,67.73,67.67,67.70,67.39,66.09,65.54,64.61,64.26,64.32,65.47,65.60,65.54,65.35,64.64,65.08,64.59,63.54,63.44,63.77
2021-8-20 0:58:39,63.60,63.21,62.33,61.94,62.76,63.50,63.75,63.27,63.33,63.60,63.92,64.66,64.25,64.41,64.54,65.50,66.31,66.80,66.25,64.01
2021-8-20 0:58:40,62.19,61.16,61.91,61.96,61.90,61.76,61.64,62.54,62.88,63.10,62.56,61.89,62.60,62.32,62.28,62.46,62.64,62.37,62.49,63.26
2021-8-20 0:58:41,63.07,64.31,64.04,63.96,63.79,63.55,63.69,62.43,61.72,60.94,61.62,61.91,62.18,61.59,61.38,62.37,61.94,62.46,61.63,60.89
2021-8-20 0:58:42,62.31,62.36,62.37,61.65,60.81,60.39,60.37,60.97,61.18,62.69,62.34,61.44,60.42,59.98,60.89,61.53,62.15,61.50,62.06,61.67
2021-8-20 0:58:43,61.35,61.27,60.44,61.56,61.02,60.81,60.42,60.28,61.03,61.11,60.85,60.34,60.82,60.45,60.40,60.04,59.90,60.83,61.09,61.19
2021-8-20 0:58:44,60.60,61.11,60.72,60.47,60.65,59.77,61.09,61.62,61.44,61.51,61.69,61.74,62.23,62.12,61.54,62.49,61.81,61.46,61.31,60.73,61.19
2021-8-20 0:58:46,61.35,61.35,61.06,61.87,61.87,61.77,61.51,60.40,61.65,61.70,61.92,62.20,61.52,62.09,61.50,60.93,60.65,61.17,61.48,62.05
2021-8-20 0:58:47,61.78,60.89,62.01,61.61,61.32,61.09,60.89,61.49,62.03,61.87,61.38,61.90,61.88,61.63,61.56,61.18,61.08,61.41,61.28,61.05
2021-8-20 0:58:48,61.99,62.04,61.97,62.08,62.17,62.17,61.96,62.01,61.60,62.32,62.18,62.18,61.81,61.96,62.44,62.11,62.29,61.96,62.22,62.13
2021-8-20 0:58:49,62.12,62.24,62.69,63.31,63.64,63.57,63.70,63.57,63.14,62.88,62.65,63.08,62.76,62.58,62.56,62.86,63.31,63.56,63.00,62.71,62.63
2021-8-20 0:58:50,62.44,62.31,61.78,62.19,62.27,62.46,62.50,62.35,63.17,63.33,63.07,62.62,62.78,62.46,62.65,63.01,62.71,62.73,63.04,62.84
2021-8-20 0:58:51,62.81,63.28,63.24,63.32,62.99,63.37,63.21,63.36,63.08,63.28,63.79,64.29,65.39,65.86,66.75,67.43,67.08,67.02,66.78,66.72
2021-8-20 0:58:52,67.60,67.94,68.39,68.55,68.44,68.73,68.36,68.49,68.92,69.03,69.20,69.45,68.75,68.11,67.47,66.45,66.00,65.37,64.64,64.53
2021-8-20 0:58:53,64.78,64.87,64.86,64.46,64.05,64.35,65.07,65.12,64.52,64.46,64.16,64.01,64.22,63.80,63.90,64.03,63.76,63.38,63.68,63.33
2021-8-20 0:58:54,63.21,63.79,63.44,64.41,64.58,63.90,63.47,63.64,64.02,63.83,63.86,64.11,65.18,65.86,65.73,64.85,64.72,64.67,64.84,65.39
2021-8-20 0:58:55,65.18,64.37,64.65,64.26,63.73,64.40,63.60,62.83,62.53,63.06,63.13,63.66,63.42,62.76,63.63,63.50,64.21,64.38,64.33,63.98
2021-8-20 0:58:56,62.79,62.69,62.35,63.07,63.82,63.36,63.65,63.69,63.20,63.39,63.40,63.42,63.42,63.36,62.51,62.17,62.47,62.79,63.06,62.76
2021-8-20 0:58:57,63.43,63.57,63.99,63.91,63.71,63.86,63.27,63.55,63.11,63.11,63.17,62.91,63.10,63.12,62.97,62.80,62.82,62.42,62.93,63.90
2021-8-20 0:58:58,64.49,64.86,65.89,66.05,65.85,65.28,65.34,66.28,66.01,66.08,65.60,64.27,63.69,63.67,63.15,63.27,62.73,62.85,62.64,62.82
2021-8-20 0:58:59,63.17,62.97,62.78,62.59,63.20,63.98,63.72,63.20,63.88,63.19,63.53,63.43,62.51,62.90,63.13,63.33,63.40,63.64,63.63,63.73
2021-8-20 0:59:0,64.12,63.89,63.54,63.19,63.50,63.42,64.06,63.91,63.63,63.43,64.22,64.47,63.93,63.29,63.22,63.55,64.36,65.15,64.36,64.24
2021-8-20 0:59:1,64.15,63.50,63.37,64.08,63.11,63.43,63.18,63.26,63.42,63.67,63.31,63.19,63.02,62.55,62.90,62.16,62.79,62.92,63.16,63.14
2021-8-20 0:59:2,63.42,63.31,63.03,63.30,63.04,63.67,63.52,63.23,62.86,63.22,63.89,64.03,64.04,63.87,63.75,63.76,63.82,63.69,64.25,64.23
2021-8-20 0:59:3,63.93,63.60,64.00,63.30,63.48,63.50,62.28,62.83,63.05,62.82,63.45,63.33,63.00,63.10,62.56,63.07,62.96,63.07,62.88,63.20
2021-8-20 0:59:4,63.31,63.07,63.27,63.33,63.55,63.90,63.77,63.00,63.31,62.50,61.99,61.75,61.60,62.02,62.00,61.79,61.49,62.56,62.73,62.51
2021-8-20 0:59:5,62.46,62.20,62.10,62.30,62.01,61.22,61.26,61.16,61.47,62.12,62.15,62.22,62.20,62.31,62.36,62.38,62.38,61.74,62.60,63.04
2021-8-20 0:59:6,62.61,63.14,62.56,62.59,63.05,62.29,62.40,61.99,61.65,61.42,61.16,61.49,61.59,61.97,62.38,63.01,63.07,62.65,62.01,61.79
2021-8-20 0:59:7,61.74,62.58,62.70,62.32,63.19,63.26,63.29,63.47,63.43,62.97,62.94,62.79,62.75,62.89,62.85,62.67,62.48,62.41,62.11,61.86
2021-8-20 0:59:8,62.00,62.13,62.49,62.43,62.14,63.01,62.85,63.45,63.21,63.05,62.90,62.50,62.32,62.24,62.39,62.57,63.04,62.37,63.27,63.28,62.88
2021-8-20 0:59:9,62.89,62.96,63.12,63.10,62.93,62.94,62.59,62.24,62.13,61.57,62.10,62.80,62.92,62.74,63.17,62.90,62.60,62.62,62.83,62.77
2021-8-20 0:59:10,63.18,62.88,62.32,62.50,62.55,62.87,62.65,63.57,62.74,63.16,63.19,63.34,63.65,62.83,62.58,62.11,63.16,63.56,63.59,63.28
2021-8-20 0:59:11,63.83,63.47,63.27,62.72,62.39,62.59,62.83,63.40,63.66,63.42,62.90,62.60,61.99,63.20,63.90,64.91
2021-8-20 0:59:12,64.41,63.71,63.48,62.89,62.83,62.23,62.00,61.64,61.63,61.88,62.47,62.96,63.22,62.78,62.14,61.48,62.18,62.57,62.84,62.98
2021-8-20 0:59:13,62.57,62.82,62.49,62.11,62.80,62.39,62.40,62.50,62.28,62.33,62.09,62.11,61.66,62.53,62.69,63.03,62.94,62.48,62.65,62.35
2021-8-20 0:59:14,62.27,62.57,62.64,62.54,62.64,63.15,63.70,64.16,63.70,63.65,63.59,63.28,63.37,63.07,62.54,62.68,62.37,62.67,63.14,63.21
2021-8-20 0:59:15,63.67,63.62,63.44,63.57,63.00,62.32,62.93,62.65,62.66,62.59,62.73,62.59,62.55,62.85,62.96,62.97,63.70,63.32,62.97,63.16,62.65
2021-8-20 0:59:16,62.80,62.05,62.40,62.74,62.92,63.16,62.90,63.31,62.95,63.30,63.65,63.40,63.37,63.19,62.55,63.23,63.05,62.83,63.64,63.28
2021-8-20 0:59:17,63.27,62.78,62.28,62.18,62.26,62.66,62.27,62.63,63.40,63.51,63.73,63.66,64.05,64.17,64.14,63.94,63.65,63.60,63.18,63.51
2021-8-20 0:59:18,63.98,63.49,64.32,63.45,63.18,63.85,63.38,64.47,64.18,65.10,65.00,64.04,64.17,64.40,65.45,65.04,64.81,64.33,64.26,64.38,64.32
2021-8-20 0:59:19,64.46,64.42,65.55,65.23,65.25,64.96,64.70,65.57,65.29,65.93,65.48,64.98,64.62,64.52,64.71,64.99,64.69,65.28,65.46,66.07
2021-8-20 0:59:20,66.37,65.38,65.76,64.26,65.26,65.01,65.73,66.98,65.93,67.01,66.49,67.10,67.93,66.42,67.21,66.09,66.25,68.10,66.72,67.54
2021-8-20 0:59:21,66.22,66.26,66.50,66.25,67.57,66.28,67.43,67.72,66.27,67.41,66.05,64.99,66.95,65.92,65.59,67.15,66.21,65.98,67.86,66.30
2021-8-20 0:59:22,66.49,67.86,67.73,67.40,67.12,67.30,66.49,66.54,68.28,67.56,66.32,68.64,66.49,66.15,68.65,67.44,67.52,68.18,68.01,68.05
2021-8-20 0:59:23,67.68,68.72,67.94,68.03,68.64,69.29,69.10,68.36,70.71,69.34,68.89,71.24,69.12,67.79,69.12,67.72,68.93,71.09,70.25,71.98,71.29
2021-8-20 0:59:24,70.62,72.03,69.07,71.16,70.60,68.90,71.62,68.91,70.68,71.67,69.59,72.42,70.54,71.72,73.54,71.30,73.62,72.10,72.02,73.75
2021-8-20 0:59:25,71.21,73.62,73.19,72.52,74.82,72.65,74.16,74.43,72.00,73.66,72.17,72.89,74.21,71.90,73.23,71.43,72.86,73.23,71.07,73.69
2021-8-20 0:59:26,71.47,73.34,74.14,70.59,72.74,71.15,72.51,74.81,72.23,74.50,72.68,71.79,73.93,71.34,73.70,73.80,71.38,73.04,70.46,72.01
2021-8-20 0:59:27,73.58,72.88,74.22,71.08,73.26,72.77,71.58,73.76,70.39,72.59,73.81,71.87,75.08,72.46,73.14,75.37,71.48,74.18,72.57,71.55
2021-8-20 0:59:28,73.92,70.39,72.57,72.90,71.66,74.58,72.42,72.37,74.10,72.17,74.21,73.31,71.00,72.17,69.92,72.40,73.28,72.18,73.56,71.22
2021-8-20 0:59:29,73.18,72.71,72.17,73.02,70.54,73.58,72.43,72.86,74.00,71.03,73.54,71.96,72.42,73.46,71.07,74.08,73.17,73.67,74.51,71.77,73.88
2021-8-20 0:59:30,72.38,73.66,74.63,72.12,74.56,72.40,72.70,73.72,70.90,73.73,72.57,73.89,74.55,70.77,72.36,69.53,71.56,73.44,71.22,74.04
2021-8-20 0:59:31,71.24,72.64,73.84,71.15,72.98,70.42,72.08,72.10,71.40,72.54,69.92,72.12,71.75,72.72,72.97,70.89,72.06,69.82,72.24,72.58
2021-8-20 0:59:32,72.32,73.45,70.02,71.46,70.11,71.33,72.61,70.08,71.78,69.66,71.76,72.53,71.86,73.06,70.38,72.91,72.39,73.04,73.93,70.85,72.26
2021-8-20 0:59:33,70.46,71.67,72.54,71.74,72.39,70.00,71.57,70.47,72.24,72.36,70.76,72.16,69.66,72.38,72.31,73.20,73.71,70.98,72.95,70.93
2021-8-20 0:59:34,72.96,73.18,71.59,72.06,69.34,71.29,71.18,72.91,73.50,72.03,73.02,70.51,72.58,72.63,72.97,73.46,70.99,72.18,70.53,73.05
2021-8-20 0:59:35,73.69,73.06,74.01,70.96,72.95,72.10,72.97,73.98,71.08,73.00,71.24,72.73,73.46,71.60,72.46,70.31,72.60,72.53,72.14,73.54,70.52
2021-8-20 0:59:36,72.72,72.22,72.60,73.26,70.36,71.31,69.66,71.52,72.31,72.32,73.14,70.59,72.30,71.04,72.29,73.78,71.85,73.75,71.35,72.66
2021-8-20 0:59:37,74.30,73.25,72.98,72.75,71.50,73.03,73.51,70.92,72.90,70.72,73.20,74.27,73.51,75.08,73.67,75.58,75.10,75.54,76.01
2021-8-20 0:59:38,75.02,76.87,76.25,77.24,78.12,78.44,79.97,80.28,80.92,81.88,81.19,81.16,82.33,82.99,84.05,83.69,82.86,81.19,81.20,81.79
2021-8-20 0:59:39,81.62,81.54,81.35,80.88,80.68,80.50,80.51,81.06,81.64,82.32,83.06,84.36,85.97,87.46,89.53,90.61,91.70,92.86,93.18,94.40,94.31
2021-8-20 0:59:40,93.94,93.39,91.83,90.94,90.18,89.66,89.32,88.60,87.09,85.56,84.99,86.89,89.11,90.15,89.09,87.14,87.09,87.69,87.59,87.33
2021-8-20 0:59:41,87.37,86.24,85.96,84.87,82.88,82.75,82.39,81.35,80.78,80.03,79.87,79.88,80.11,79.78,79.04,78.73,77.62,76.80,76.48,76.73
2021-8-20 0:59:42,76.60,76.24,76.20,76.22,76.50,75.83,76.00,75.90,75.50,75.46,74.98,74.79,73.86,73.21,73.32,73.26,72.97,73.27,73.03,72.71
2021-8-20 0:59:43,71.86,71.01,71.21,70.44,70.38,70.68,70.61,70.47,70.13,70.04,69.95,69.99,70.18,70.82,70.50,69.91,69.55,69.76,69.77,69.43
2021-8-20 0:59:44,70.41,69.74,68.98,69.77,69.70,68.90,69.17,69.42,68.44,68.79,69.01,68.56,68.57,68.92,68.18,68.00,68.42,67.82,67.72,67.43,66.95
2021-8-20 0:59:45,67.42,67.63,67.90,68.14,67.56,68.13,67.39,66.81,67.01,66.39,66.81,67.32,67.64,67.78,68.23,68.24,68.21,68.28,67.74,68.12
2021-8-20 0:59:46,67.93,68.23,68.18,67.83,68.12,67.96,68.41,68.96,68.57,68.44,68.47,68.88,69.19,69.41,68.95,68.12,68.77,68.10,68.92,69.15,67.83
2021-8-20 0:59:47,68.37,67.66,67.28,67.39,67.46,67.97,68.18,68.40,68.02,67.77,67.81,68.24,68.31,68.76,68.57,68.58,68.92,68.60,68.87,68.30
2021-8-20 0:59:48,68.02,68.07,68.13,68.60,68.98,68.56,68.28,68.06,67.51,67.59,67.19,67.43,67.31,67.32,67.54,67.21,67.11,66.80,66.89,66.75
2021-8-20 0:59:49,67.29,67.10,67.07,67.32,66.89,67.29,67.18,67.44,68.11,67.78,68.05,67.32,66.75,67.12,66.62,67.02,66.91,66.64,67.06,66.72
2021-8-20 0:59:50,66.64,66.24,65.83,65.74,65.91,66.47,66.50,67.02,66.93,67.15,67.08,66.53,67.01,66.75,67.20,67.25,67.41,67.36,67.41,68.08
2021-8-20 0:59:51,67.36,68.34,69.15,68.98,69.59,68.41,67.42,67.23,67.04,67.79,68.28,68.89,68.51,67.70,67.37,66.82,66.96,67.48,67.65,67.43
2021-8-20 0:59:52,67.68,67.53,67.28,67.32,66.54,66.82,66.62,67.00,67.55,67.50,67.67,67.34,67.30,67.38,67.21,67.32,67.11,66.61,67.48,67.80
2021-8-20 0:59:53,68.56,69.42,70.04,70.75,71.27,70.99,71.14,71.06,70.69,71.40,71.07,71.48,72.52,73.28,74.63,74.82,75.20,75.41,75.17,75.88
2021-8-20 0:59:54,76.19,76.28,76.35,76.43,76.46,76.91,77.05,76.59,76.05,75.95,76.19,76.65,76.74,76.73,76.11,76.06,76.70,76.76,77.00,76.14
2021-8-20 0:59:55,74.84,73.95,73.22,73.55,73.44,73.30,73.46,72.89,73.19,72.67,72.30,72.02,71.57,71.17,70.79,70.20,69.94,69.53,68.67,68.48
2021-8-20 0:59:56,67.02,66.88,66.67,66.16,66.20,65.53,64.57,64.50,64.09,63.85,63.82,63.22,62.87,62.77,62.71,62.20,62.19,61.72,61.77,61.86
2021-8-20 0:59:57,61.63,61.85,61.90,61.89,62.31,61.64,60.69,60.20,59.37,59.43,59.32,59.39,59.36,59.39,59.75,59.59,60.24,60.21,60.34,60.31
2021-8-20 0:59:58,59.79,59.82,59.41,58.89,58.86,59.38,58.93,59.53,59.52,58.77,59.28,59.12,58.94,59.18,59.13,59.23,59.22,59.19,59.79,59.51
2021-8-20 0:59:59,59.39,59.34,58.68,58.70,59.17,58.93,58.84,58.78,58.95,59.08,59.85,59.90,59.47,59.76,59.09,59.71,59.91,59.27,59.46,58.56
2021-8-20 1:0:0,59.09,59.41,59.34,59.85,58.63,58.51,57.97,57.54,57.99,57.73,57.64,58.11,57.60,58.00,58.16,57.93,57.88,57.50,57.50,57.66
2021-8-20 1:0:1,57.84,58.12,58.12,57.79,58.14,57.63,57.79,57.51,57.40,57.34,57.37,58.32,58.10,58.22,58.29,57.91,57.76,58.38,57.62,57.22
2021-8-20 1:0:2,57.22,56.62,57.20,57.33,57.71,57.61,57.65,57.41,57.12,57.59,57.38,57.38,56.90,56.57,56.57,57.14,57.68
2021-8-20 1:0:3,57.86,58.19,57.34,57.39,57.00,56.94,57.39,57.10,57.66,56.96,57.53,57.94,57.53,57.78,56.95,56.40,56.13,55.86,55.59,55.52
2021-8-20 1:0:4,56.07,55.99,56.12,56.66,56.41,56.82,56.84,56.22,56.01,55.88,55.67,56.22,56.12,56.35,56.97,56.98,57.36,57.17,57.04,56.80
2021-8-20 1:0:5,56.59,56.59,56.30,56.30,56.29,56.29,56.31,56.31,55.86,55.79,55.89,55.79,55.88,56.16,56.02,55.76,56.14,55.71,55.89,56.25
2021-8-20 1:0:6,56.38,56.21,55.87,55.71,55.47,55.86,55.90,55.93,56.13,55.75,55.44,55.67,55.48,55.94,56.74,56.85,56.75,56.79,56.66,56.57,57.40
2021-8-20 1:0:7,57.62,58.06,58.58,58.00,57.77,57.79,58.09,58.69,58.99,58.91,58.66,58.46,59.03,59.20,59.33,60.04,60.17,60.26,60.61,60.22
2021-8-20 1:0:8,60.28,60.71,60.84,61.13,60.93,61.12,61.31,62.07,62.84,63.38,64.05,63.66,63.46,62.85,61.75,60.93,60.67,60.82,60.92,61.78
2021-8-20 1:0:9,62.06,61.73,62.02,61.81,62.15,62.63,62.50,62.57,62.27,62.75,62.34,62.54,62.38,61.88,62.60,62.80,63.42,63.20,63.59,63.74,63.81
2021-8-20 1:0:10,64.09,64.14,64.39,64.75,65.24,65.83,66.44,66.59,66.58,66.31,65.94,65.90,66.53,66.76,66.42,66.83,66.70,66.87,66.58,65.65
2021-8-20 1:0:11,64.97,64.50,64.23,64.30,64.57,63.84,64.48,64.04,64.23,64.42,64.84,65.18,65.29,65.74,65.52,66.06,66.06,66.90,66.76,67.56,67.73
2021-8-20 1:0:12,67.36,68.08,67.19,66.96,67.34,67.20,67.75,68.53,68.81,69.22,69.77,70.22,70.39,71.00,71.18,70.85,70.94,70.95,70.97,71.79
2021-8-20 1:0:13,72.27,72.63,72.94,73.24,73.26,73.20,74.05,74.40,74.57,74.92,74.41,74.72,75.16,75.58,76.27,76.06,76.36,76.02,75.95,76.06
2021-8-20 1:0:14,76.05,76.38,76.35,76.03,75.84,75.73,75.08,75.06,74.21,73.52,73.07,72.74,72.49,72.02,72.09,72.07,72.60,73.27,74.07,73.83
2021-8-20 1:0:15,73.18,73.18,72.66,72.65,73.36,73.24,72.97,73.31,73.20,73.28,73.07,72.67,72.00,71.34,70.51,69.75,69.53,69.32,70.01,70.33
2021-8-20 1:0:16,70.50,70.60,70.27,70.26,69.80,68.96,68.47,67.90,67.70,67.84,68.15,68.28,68.26,68.28,67.91,67.39,66.94,66.56,66.32,65.63,65.67
2021-8-20 1:0:18,65.78,65.59,65.83,65.90,65.21,64.74,65.24,65.20,65.58,65.57,65.03,64.83,64.64,64.69,64.84,65.05,65.27,65.14,65.44,65.14
2021-8-20 1:0:19,65.30,65.71,65.63,66.18,66.39,66.71,66.87,66.56,66.58,66.54,66.58,67.01,66.38,65.73,65.25,64.79,64.32,64.68,63.95,63.81
2021-8-20 1:0:20,64.10,63.99,64.63,64.15,63.74,63.87,63.51,63.74,64.13,64.08,64.06,64.24,63.98,63.59,63.83,63.82,63.94,64.09,63.51,63.36
2021-8-20 1:0:21,63.54,62.84,62.85,62.21,61.99,62.31,62.60,62.91,62.91,63.11,62.53,63.19,63.33,63.66,64.13,63.41,63.45,63.07,63.04,63.23
2021-8-20 1:0:22,62.74,62.85,62.66,62.42,62.47,62.22,61.89,62.10,62.45,62.29,62.85,63.33,63.72,63.96,63.83,63.13,63.34,63.21,63.33,64.04
2021-8-20 1:0:23,62.76,62.94,63.20,62.97,63.33,63.76,63.60,63.18,63.34,63.06,62.68,62.67,62.47,61.47,61.97,62.66,63.04,64.02,63.89,63.39,63.83
2021-8-20 1:0:24,63.68,63.34,63.00,62.14,62.64,63.61,64.70,64.96,64.55,64.41,64.18,64.62,64.40,63.24,62.61,62.40,62.31,63.81,64.61,64.78
2021-8-20 1:0:25,65.30,65.06,64.75,64.57,65.32,65.55,66.32,66.49,66.31,65.38,64.47,64.42,64.19,64.06,64.08,64.32,63.85,64.35,64.02,63.43
2021-8-20 1:0:26,63.48,63.83,63.73,63.23,63.65,63.84,64.38,64.71,64.17,63.05,62.22,62.47,63.03,62.94,63.32,62.77,62.05,61.91,62.21,62.62
2021-8-20 1:0:27,62.58,62.75,62.53,62.60,62.78,62.96,62.14,62.06,61.98,61.83,61.94,61.39,61.62,61.49,61.49,61.38,60.90,61.14,61.63,62.36
2021-8-20 1:0:28,61.97,61.94,61.74,62.21,63.09,63.10,63.05,61.45,60.70,59.85,59.50,60.54,60.93,61.99,62.33,61.97,61.86,62.04
2021-8-20 1:0:29,62.14,62.34,62.29,61.92,61.68,61.40,61.36,61.74,62.39,63.16,63.96,63.80,63.41,62.90,62.44,62.21,63.01,63.78,63.73,64.05
2021-8-20 1:0:30,63.76,63.75,64.02,64.82,64.71,64.89,65.29,64.55,64.77,64.49,64.50,64.88,64.83,65.07,64.00,63.58,63.14,62.43,62.49,61.75
2021-8-20 1:0:31,61.68,61.74,62.23,62.78,62.69,62.36,62.06,61.95,61.93,62.91,63.37,63.22,63.68,62.73,62.56,62.57,62.43,62.32,62.65,62.68
2021-8-20 1:0:32,62.22,62.31,61.43,61.72,62.51,62.47,62.57,61.75,61.16,60.74,60.69,61.08,60.62,60.85,61.24,61.26,62.01,61.86,60.96,60.56,60.27
2021-8-20 1:0:33,60.27,61.04,61.24,60.52,61.15,60.88,60.77,61.28,60.99,61.01,60.67,60.23,59.76,59.48,59.95,60.29,59.66,59.49,59.23,59.14
2021-8-20 1:0:34,60.72,61.29,61.65,61.75,60.39,59.46,59.03,58.74,59.39,60.39,60.66,60.75,60.29,59.85,59.34,59.02,59.38,59.19,59.55,60.36,60.26
2021-8-20 1:0:35,60.30,60.04,59.10,59.10,58.95,58.64,58.51,57.63,57.46,57.50,57.43,57.93,57.62,57.44,58.44,59.20,60.02,60.34,60.38,59.39,59.01
2021-8-20 1:0:36,58.88,58.26,59.10,60.22,60.98,60.63,60.20,59.81,58.96,59.19,59.82,59.11,59.75,59.63,58.86,58.47,57.69,58.19,58.10,58.05
2021-8-20 1:0:37,58.48,57.85,58.00,58.24,58.46,58.83,59.40,59.29,58.87,59.01,58.38,59.10,58.66,58.35,58.09,57.38,58.62,58.79,59.74,60.36
2021-8-20 1:0:38,59.75,59.60,59.49,59.19,59.60,59.69,59.65,59.78,58.89,58.76,58.73,58.78,60.28,61.53,60.99,60.93,59.80,58.60,58.72,58.83,59.03
2021-8-20 1:0:39,59.32,59.75,59.62,59.26,59.39,58.95,58.63,58.98,58.79,58.81,59.27,59.47,59.25,58.60,58.01,58.05,58.04,58.89,59.73,59.87
2021-8-20 1:0:40,59.83,59.68,59.65,59.50,60.14,60.44,60.63,61.14,61.15,61.07,60.67,60.51,60.60,60.91,60.96,60.99,60.86,60.61,60.83,60.81
2021-8-20 1:0:41,60.73,61.63,62.31,62.73,63.26,63.29,62.92,62.96,63.56,63.46,64.04,63.91,63.50,63.55,63.04,62.73,62.63,61.82,62.34,62.72
2021-8-20 1:0:42,62.92,63.35,62.54,62.16,62.01,62.25,62.23,62.31,62.37,62.38,63.28,63.96,64.05,64.65,64.03,63.72,64.36,63.95,64.01,64.03
2021-8-20 1:0:43,63.63,63.40,63.33,63.37,63.62,63.43,63.77,64.06,63.72,64.21,64.52,64.50,64.70,64.89,65.18,65.15,65.16,65.22,64.82,64.74
2021-8-20 1:0:44,65.01,64.89,64.55,64.64,64.41,65.13,65.79,66.56,67.11,66.74,66.67,65.98,65.58,65.40,64.81,64.50,63.74,63.37,63.28,63.00,63.14
2021-8-20 1:0:45,62.56,62.43,63.19,63.21,63.84,64.11,63.61,64.04,63.99,64.52,64.50,64.16,64.51,64.01,63.86,63.68,62.89,62.90,63.03,63.12,63.85
2021-8-20 1:0:46,63.71,63.80,63.53,63.11,62.98,62.87,62.84,63.05,63.20,63.36,63.83,64.27,64.19,64.71,65.36,64.79,65.36,65.26,65.16,65.54
2021-8-20 1:0:47,65.80,65.98,66.43,67.08,67.32,68.26,68.77,69.38,70.73,70.59,70.58,70.59,70.17,69.67,69.58,69.18,68.52,68.40,67.52,66.81
2021-8-20 1:0:48,66.15,65.76,65.54,64.58,63.55,62.64,61.93,61.86,61.79,62.14,62.41,62.72,62.84,61.88,61.58,61.39,61.03,61.22,60.81,60.41
2021-8-20 1:0:49,60.94,61.60,61.89,62.27,61.96,62.11,62.11,61.58,61.42,60.25,60.45,60.68,61.08,60.99,60.30,60.12,60.24,60.83,60.74,60.91
2021-8-20 1:0:50,60.25,59.84,59.77,59.87,59.57,59.49,59.67,59.16,59.16,59.48,59.70,59.80,60.27,60.30,59.81,59.91,59.59,59.64,59.56,60.12
2021-8-20 1:0:51,60.03,59.77,60.43,59.97,60.17,59.72,59.87,59.74,60.19,60.53,60.08,60.16,59.49,59.36,58.89,58.24,57.96,57.95,57.61,58.09
2021-8-20 1:0:52,58.45,58.75,58.83,58.82,58.94,58.96,59.53,59.59,59.84,59.88,59.88,59.91,59.65,59.17,59.03,58.80,58.86,59.48,59.23,58.95
2021-8-20 1:0:53,58.80,59.30,60.00,60.57,60.71,60.19,60.26,60.71,60.90,60.37,60.48,60.07,60.23,60.42,60.10,60.40,60.29,61.17,61.14,60.87
2021-8-20 1:0:54,60.96,60.31,60.54,60.50,60.47,60.30,60.55,60.68,60.61,61.15,60.95,60.95,60.92,61.08,60.91,60.83,60.92,60.68,60.81,61.04,60.78
2021-8-20 1:0:55,60.64,60.66,60.36,60.23,59.98,59.86,60.30,60.43,60.84,60.89,60.75,61.23,61.46,61.55,61.39,60.77,60.57,60.25,60.85,61.24
2021-8-20 1:0:56,61.22,62.02,61.55,61.97,62.16,62.11,62.02,62.07,62.38,62.53,62.88,62.78,62.80,63.31,63.26,63.77,64.29,64.01,64.74,65.13,64.74
2021-8-20 1:0:57,65.05,65.60,65.54,66.02,66.46,67.03,67.22,67.70,67.81,67.07,67.56,68.00,68.87,69.75,70.61,70.71,70.68,70.77,70.21,70.75,71.10
2021-8-20 1:0:58,71.83,71.91,72.19,72.31,71.97,72.70,72.21,72.31,72.85,72.70,73.03,72.93,72.46,72.56,72.27,72.27,71.98,71.51,71.74,71.38
2021-8-20 1:0:59,71.04,70.84,70.09,69.31,68.92,68.40,67.58,67.52,67.04,66.89,66.58,65.94,66.23,65.96,66.51,66.75,66.34,66.11,65.95,65.68
2021-8-20 1:1:0,65.83,66.04,65.75,65.89,65.93,65.86,66.35,65.81,65.41,65.65,65.17,65.96,66.43,66.29,66.12,66.19,66.30,65.81,65.66,65.18
2021-8-20 1:1:1,64.86,65.23,65.80,65.73,65.62,65.37,65.12,65.61,65.76,65.58,65.30,64.90,64.72,64.57,64.74,64.81,64.83,64.94,64.95,64.80
2021-8-20 1:1:2,64.65,65.16,65.83,65.91,66.08,65.80,65.31,65.80,65.35,65.34,65.70,65.27,65.29,65.49,64.93,64.77,65.07,64.93,64.84,64.62
2021-8-20 1:1:3,64.65,63.65,63.56,62.78,61.79,62.55,62.47,62.97,63.68,63.22,63.28,63.51,63.12,63.14,63.09,62.84,62.67,62.66,62.22,61.63
2021-8-20 1:1:4,61.17,61.16,61.39,61.88,62.44,62.31,62.54,62.26,62.06,62.15,61.72,61.52,61.66,61.03,61.34,61.33,60.88,61.48,61.49,62.10
2021-8-20 1:1:5,62.44,62.97,62.92,62.83,63.11,62.90,62.92,63.18,62.81,62.50,62.54,62.00,62.13,62.17,61.85,61.52,61.42,61.12,60.52,60.50,59.58
2021-8-20 1:1:6,59.15,58.90,58.65,58.85,58.71,58.91,58.87,59.23,59.61,60.20,60.58,61.08,61.22,60.98,60.78,60.53,60.91,61.20,61.34,61.34
2021-8-20 1:1:7,61.18,61.37,61.33,61.53,61.94,62.03,63.08,63.10,63.23,63.52,63.25,63.43,63.11,62.59,62.55,62.42,62.43,62.17,61.60,61.49
2021-8-20 1:1:8,61.31,61.37,61.23,61.14,60.74,60.76,60.90,61.17,61.24,61.39,61.54,61.24,61.90,62.00,61.88,61.79,61.26,60.94,60.66,60.44,60.72
2021-8-20 1:1:9,60.43,60.21,59.97,59.53,59.34,59.02,59.00,58.70,58.22,58.45,58.08,57.65,57.77,58.03,58.41,58.85,59.16,59.35,59.49,59.62
2021-8-20 1:1:10,59.68,59.86,60.01,60.22,60.08,59.65,59.35,58.89,58.41,58.55,58.24,57.65,57.69,57.28,57.40,57.80,57.50,57.49,57.08,56.96
2021-8-20 1:1:11,57.97,57.75,57.96,57.64,56.86,57.15,56.83,56.99,56.67,56.13,56.47,56.42,56.78,56.90,56.52,56.51,56.47,56.36,56.24,56.01
2021-8-20 1:1:12,56.16,56.05,56.14,56.04,55.65,55.89,55.91,56.12,55.64,55.20,54.99,55.38,55.84,55.65,55.74,55.48,55.53,55.90,56.01,55.87
2021-8-20 1:1:13,56.21,56.37,56.50,56.75,56.38,55.91,55.79,55.99,55.90,55.90,55.52,54.91,55.62,55.68,56.30,56.24,56.36,56.60,56.35,56.55
2021-8-20 1:1:14,55.74,56.41,56.64,56.37,56.59,56.04,56.26,56.75,56.66,56.74,56.70,56.84,57.21,57.06,56.84,56.66,56.32,56.21,56.32,56.46
2021-8-20 1:1:15,56.69,56.60,56.95,56.85,56.79,57.57,57.41,57.94,57.84,57.70,57.57,57.51,57.83,57.82,58.17,58.47,58.76,58.83,59.01,58.56
2021-8-20 1:1:16,58.48,58.72,58.53,58.59,58.65,58.72,58.69,59.14,59.54,59.56,59.76,60.19,59.91,59.89,60.05,60.08,60.36,60.97,61.17,61.16,61.41
2021-8-20 1:1:17,61.50,61.82,62.06,62.22,62.56,63.01,63.09,63.58,63.81,64.14,63.94,63.97,64.36,64.15,64.62,65.03,65.09,65.72,66.11,66.05
2021-8-20 1:1:18,66.11,65.99,66.45,66.56,66.49,66.68,66.08,66.53,66.88,66.79,67.30,66.60,65.86,65.14,64.59,64.46,63.76,64.17,63.40,63.14
2021-8-20 1:1:19,63.51,63.12,64.35,63.90,63.81,64.06,62.87,63.19,63.78,63.23,63.61,64.26,64.05,63.94,63.31,62.76,62.23,61.81,61.74,61.32
2021-8-20 1:1:20,60.97,61.03,61.11,60.93,61.01,61.07,61.47,61.73,61.68,61.30,61.39,61.51,61.44,61.92,62.40,62.36,61.80,61.54,60.93,60.71
2021-8-20 1:1:21,60.80,61.84,61.67,61.44,62.33,62.08,61.81,61.75,61.95,61.62,61.14,61.04,60.83,60.97,61.30,61.17,61.46,60.97,60.77,61.38
2021-8-20 1:1:22,60.90,60.87,60.96,61.35,61.31,61.12,61.04,61.02,61.28,61.46,61.67,61.55,60.77,60.84,60.79,61.04,61.15,61.27,61.71,61.35,61.54
2021-8-20 1:1:23,61.30,61.48,61.46,61.63,61.87,61.94,61.64,61.46,61.42,61.50,61.39,61.40,61.23,61.16,61.22,61.09,61.45,61.55,61.39,61.47
2021-8-20 1:1:24,61.67,60.91,61.01,61.43,61.06,61.27,61.12,61.03,61.48,61.32,61.70,61.40,61.34,61.44,61.23,61.13,60.63,60.68,60.75,61.48
2021-8-20 1:1:25,61.12,60.74,61.77,61.23,60.64,61.03,60.28,59.81,59.95,60.53,60.22,60.69,61.60,60.85,60.52,60.32,60.91,60.90,60.85,61.54
2021-8-20 1:1:26,61.09,60.70,61.42,61.57,61.25,61.89,62.40,61.73,61.44,60.67,60.51,60.67,60.81,60.97,60.81,60.76,60.54,61.32,61.09,61.00
2021-8-20 1:1:27,61.00,61.51,61.54,61.17,61.68,61.25,60.88,60.81,60.86,60.86,60.82,61.13,61.39,61.14,61.15,61.31,60.77,61.24,61.38,62.08
2021-8-20 1:1:28,62.12,61.71,62.25,61.41,61.19,60.91,61.05,61.29,61.46,61.56,60.67,61.03,61.34,61.09,61.10,61.47,61.74,62.11,62.28,61.92
2021-8-20 1:1:29,61.89,62.09,61.81,61.34,61.55,62.00,62.99,63.07,62.31,61.95,62.25,62.74,62.81,62.57,61.54,61.75,62.50,62.52,62.24,61.20
2021-8-20 1:1:30,60.52,61.00,61.95,62.08,61.65,60.38,59.84,60.53,61.00,61.65,61.47,61.43,62.15,62.57,62.92,62.04,60.92,61.26,61.46,62.38
2021-8-20 1:1:31,62.50,61.31,61.53,61.82,62.27,62.37,61.54,61.72,61.90,61.95,62.57,61.39,61.62,61.86,60.94,60.76,60.59,60.55,60.69,60.71
2021-8-20 1:1:32,60.46,60.69,60.55,60.86,60.25,60.67,61.06,60.92,60.89,60.23,60.84,61.38,61.89,61.35,60.56,59.79,60.76,61.63,61.99,62.00
2021-8-20 1:1:33,60.68,61.12,60.78,60.87,60.82,60.93,61.76,61.56,61.24,61.07,60.55,60.87,60.89,60.92,60.88,60.88,61.02,61.07,61.02,60.76,61.54
2021-8-20 1:1:34,61.10,61.29,61.58,61.43,61.61,61.43,61.77,61.60,61.29,61.08,60.63,60.71,60.78,60.99,61.10,61.66,61.69,61.73,61.87,62.51
2021-8-20 1:1:35,62.31,62.07,62.12,61.10,60.94,61.06,61.64,61.98,61.57,61.73,61.50,60.96,61.36,61.23,61.50,61.67,61.64,61.66,61.85,61.86,62.04
2021-8-20 1:1:36,62.35,61.92,61.71,61.28,61.91,62.13,61.85,61.99,61.31,61.53,62.00,62.03,61.51,61.19,61.23,61.43,61.69,61.78,61.78,61.69
2021-8-20 1:1:37,62.11,61.98,61.70,61.33,61.06,61.17,61.11,61.43,62.01,61.77,61.91,62.14,61.97,61.73,63.41,63.89,63.82,63.50,61.76,61.34
2021-8-20 1:1:38,60.98,61.23,61.23,61.31,61.42,61.13,60.94,60.45,60.65,60.94,61.16,61.12,61.28,61.71,62.19,62.06,61.13,60.65,60.79,61.42
2021-8-20 1:1:39,62.08,61.91,61.82,61.70,61.56,61.35,60.72,61.22,61.27,61.41,61.21,61.31,61.48,61.98,61.63,61.26,61.39,61.23,61.60,61.12
2021-8-20 1:1:40,61.22,61.62,61.67,61.61,61.22,61.11,61.27,61.23,60.54,60.85,61.18,61.14,61.22,61.22,61.19,61.49,61.74,61.71,61.65,61.50
2021-8-20 1:1:41,61.60,61.39,61.45,61.59,61.40,61.65,61.34,61.08,61.15,60.61,60.93,60.84,60.94,60.84,61.00,61.52,61.36,61.45,61.52,61.69
2021-8-20 1:1:42,61.87,61.66,60.91,60.98,61.11,60.83,61.09,60.61,60.73,61.11,60.85,60.56,60.74,60.83,60.90,60.67,60.36,60.36,60.38,60.56,60.48
2021-8-20 1:1:44,60.95,61.00,60.89,60.67,60.73,60.57,60.48,60.65,60.72,61.06,61.29,61.07,61.13,61.05,61.24,61.23,60.45,60.83,60.91,61.13
2021-8-20 1:1:45,60.68,60.33,60.77,61.21,61.65,61.24,60.52,60.85,61.12,61.57,62.07,61.20,60.49,61.02,61.32,61.74,62.17,61.22
2021-8-20 1:1:46,60.64,60.75,61.39,62.14,62.26,61.68,60.78,59.87,59.60,60.07,60.99,61.81,62.36,62.01,61.16,60.12,59.36,60.06,60.99,62.17,63.11
2021-8-20 1:1:47,62.54,61.70,60.59,59.73,59.43,60.39,61.47,62.30,62.57,61.50,60.57,60.24,60.96,62.04,62.50,62.24,61.16,60.58,61.53,62.14
2021-8-20 1:1:48,62.76,62.54,61.93,62.06,62.47,62.59,62.23,61.51,60.97,61.59,62.01,62.25,62.05,61.39,61.70,62.19,62.39,62.27,61.56,60.89
2021-8-20 1:1:49,61.19,61.40,61.67,61.43,60.90,60.78,61.06,61.74,61.78,61.68,60.73,60.07,60.97,61.69,62.06,62.30,61.44,60.38,60.86,61.10
2021-8-20 1:1:50,61.32,61.81,61.48,61.90,61.89,62.09,62.52,62.66,63.17,63.65,63.53,63.47,62.89,61.60,60.78,60.04,60.71,61.49,62.11,62.15
2021-8-20 1:1:51,61.52,61.28,61.21,61.53,61.99,62.70,63.14,63.50,63.11,62.32,61.89,61.25,60.96,61.34,62.14,62.79,63.77,64.11,64.16,64.02
2021-8-20 1:1:52,63.39,63.38,62.95,62.92,62.74,62.17,62.47,63.02,64.04,64.55,64.15,63.95,63.20,63.44,63.74,63.31,63.67,63.41,63.15,63.56
2021-8-20 1:1:53,63.83,63.89,64.06,64.01,64.25,64.38,64.50,64.04,63.44,64.18,64.15,64.26,64.10,63.48,63.57,63.99,64.19,64.02,63.49,63.85
2021-8-20 1:1:54,64.11,63.87,63.65,62.95,63.07,63.27,63.49,63.16,62.86,63.20,63.87,64.49,64.27,63.71,63.33,63.32,63.81,63.63,63.73,63.14
2021-8-20 1:1:55,63.65,63.77,63.09,63.45,62.46,62.61,62.88,62.89,62.87,62.71,63.32,63.36,63.36,63.23,62.75,63.19,63.21,63.63,63.73,64.09
2021-8-20 1:1:56,64.07,64.19,63.78,63.61,63.44,62.81,63.02,62.51,63.35,63.48,63.46,63.04,62.49,62.61,62.87,63.16,63.25,63.69,64.29,64.60,64.95
2021-8-20 1:1:57,64.60,64.38,64.20,63.96,64.45,64.81,65.21,65.07,65.06,65.44,65.41,65.69,65.54,65.24,65.34,65.45,65.71,65.59,65.70,65.26
2021-8-20 1:1:58,65.20,65.48,65.53,65.70,65.21,64.85,64.53,64.71,65.05,65.24,65.23,65.04,64.50,64.19,64.06,63.82,64.05,63.85,63.21,62.98
2021-8-20 1:1:59,63.05,63.49,63.35,63.32,63.17,62.54,62.67,62.84,63.13,63.04,62.83,62.85,63.11,63.10,63.59,63.88,63.46,64.10,63.81,63.87
2021-8-20 1:2:0,63.99,63.75,64.81,64.76,65.05,64.89,65.02,65.10,64.88,64.99,64.94,64.53,64.09,64.47,64.22,64.22,64.44,63.70,62.92,63.08
2021-8-20 1:2:1,63.15,63.27,63.43,63.36,62.87,62.60,63.32,63.31,63.88,63.78,63.10,63.43,62.98,63.33,63.52,63.58,63.53,63.27,63.06,63.01
2021-8-20 1:2:2,62.79,62.68,62.47,62.11,62.14,62.50,63.82,63.66,63.56,63.26,62.34,62.14,62.28,62.38,62.42,62.88,63.33,63.63,63.63,63.31
2021-8-20 1:2:3,63.32,62.72,62.31,62.94,62.78,62.96,63.07,62.45,62.74,63.44,63.54,63.55,62.95,62.39,62.75,62.45,62.69,63.22,62.85,63.31
2021-8-20 1:2:4,63.11,62.52,62.11,62.14,62.80,63.09,63.10,62.85,62.95,63.25,63.18,63.45,63.77,63.64,63.42,62.75,62.27,62.51,62.70,63.65
2021-8-20 1:2:5,63.30,62.99,63.27,62.66,62.39,62.76,62.97,62.78,62.57,62.78,62.59,62.87,63.15,62.56,63.27,64.36,65.01,65.36,65.02,64.32
2021-8-20 1:2:6,63.98,63.44,63.45,63.27,63.61,63.71,63.89,63.74,63.88,63.67,63.17,62.93,62.19,62.42,62.22,62.58,63.59,64.34,64.46,64.07
2021-8-20 1:2:7,63.18,61.66,61.74,62.52,62.69,63.33,63.94,64.00,63.82,64.27,64.82,64.99,65.26,65.53,65.01,65.02,65.45,64.75,64.67,64.67
2021-8-20 1:2:8,65.00,66.38,67.46,69.08,70.50,71.53,72.56,73.52,73.53,73.75,74.63,74.63,75.36,75.85,75.33,75.48,75.43,74.77,75.08,74.83
2021-8-20 1:2:9,74.55,74.63,74.05,73.41,73.40,73.45,73.23,73.47,73.37,73.46,73.90,73.79,73.88,73.92,74.06,74.13,74.15,74.16,73.51,73.61
2021-8-20 1:2:10,73.66,73.38,73.58,73.00,72.92,72.98,73.44,73.62,73.24,73.43,72.26,72.09,71.67,70.30,70.29,69.57,69.57,70.26,69.53,71.02
2021-8-20 1:2:11,71.25,71.01,71.79,71.27,71.76,72.08,71.95,71.34,71.25,71.10,71.89,72.25,71.77,71.33,70.28,69.50,69.30,69.87,70.57,71.67,72.62
2021-8-20 1:2:12,72.36,72.32,71.73,71.90,72.41,72.62,73.88,72.53,71.49,70.41,69.24,69.81,69.99,70.22,70.27,69.54,69.89,70.04,69.67,70.00
2021-8-20 1:2:13,69.68,70.01,69.82,70.02,69.13,68.35,68.49,68.67,69.42,69.58,68.95,68.20,68.07,68.21,68.58,68.65,68.49,68.50,68.82,69.64
2021-8-20 1:2:14,70.47,70.85,71.79,71.63,71.26,71.26,70.24,69.41,69.35,69.21,69.44,69.78,69.63,69.82,70.07,70.40,70.92,71.06,70.55,70.72
2021-8-20 1:2:15,70.86,69.96,70.21,69.21,68.41,68.67,68.05,68.14,68.34,68.25,68.18,68.36,68.41,68.40,69.02,68.98,68.68,68.33,67.78,68.09
2021-8-20 1:2:16,68.24,68.58,68.79,68.10,68.01,67.51,67.50,68.08,68.32,68.57,68.37,67.97,67.61,67.75,67.78,67.56,67.37,66.97,66.26,65.52,65.37
2021-8-20 1:2:17,65.68,65.58,66.23,66.38,65.85,66.33,66.00,66.05,65.88,65.88,66.32,66.05,66.20,65.82,65.69,66.33,65.98,66.31,65.91,65.10
2021-8-20 1:2:18,65.57,65.41,65.72,66.13,66.42,66.83,67.25,67.64,67.38,67.25,66.80,66.30,66.73,66.97,67.18,67.38,66.75,66.68,66.78,66.33
2021-8-20 1:2:19,66.68,67.19,66.92,67.17,66.87,66.30,66.74,66.78,67.30,67.36,66.97,67.38,67.35,67.42,67.45,67.03,67.05,67.15,66.94,66.91
2021-8-20 1:2:20,66.72,67.00,67.16,67.10,67.05,66.56,66.93,67.17,67.37,67.73,67.70,67.44,67.23,66.59,66.26,66.33,66.81,67.25,67.35,67.81
2021-8-20 1:2:21,67.94,68.19,68.34,68.47,67.37,66.44,66.20,65.46,65.69,66.32,66.20,65.94,65.95,65.55,65.17,65.32,65.49,65.42,65.70,65.88
2021-8-20 1:2:22,65.37,65.95,66.10,65.79,66.17,65.47,65.42,65.72,65.85,66.43,66.69,66.70,66.86,66.77,67.41,68.55,69.50,70.73,71.18,71.14,71.35
2021-8-20 1:2:23,70.91,70.82,70.86,70.57,70.74,70.99,71.59,72.18,73.10,73.58,73.36,73.66,73.12,73.17,73.29,73.45,74.13,74.18,74.04,72.28
2021-8-20 1:2:24,71.05,69.25,68.21,68.27,67.43,67.72,68.01,68.05,68.94,68.53,68.49,68.27,67.24,67.54,67.04,66.78,67.35,67.07,67.50,68.10
2021-8-20 1:2:25,67.97,68.12,67.76,66.56,66.82,66.98,66.89,67.73,67.76,67.89,67.62,68.42,68.51,68.16,68.44,68.02,67.94,68.09,67.61,67.76
2021-8-20 1:2:26,67.65,67.65,68.64,68.24,68.10,69.14,68.95,68.99,68.95,67.80,67.43,66.93,66.91,66.70,66.36,66.67,66.38,65.68,65.69,65.48
2021-8-20 1:2:27,65.10,65.10,64.80,64.20,64.11,64.98,64.72,65.07,64.92,63.92,64.06,63.44,63.04,62.63,62.12,61.83,62.28,62.33,62.59,62.58
2021-8-20 1:2:28,62.34,62.34,62.09,61.96,61.79,61.90,62.18,62.30,62.48,62.03,61.70,62.63,62.61,62.78,62.80,62.43,62.67,63.14,62.93,62.96
2021-8-20 1:2:29,62.17,62.39,62.71,61.98,61.84,61.36,61.86,62.00,62.42,62.29,61.66,61.54,61.99,62.34,62.27,62.69,62.40,62.71,62.67,62.52
2021-8-20 1:2:30,62.22,61.91,61.86,62.01,62.37,62.27,62.42,61.95,61.29,60.64,60.51,60.66,60.80,61.37,61.17,61.04,61.16,61.18,61.67,61.58
2021-8-20 1:2:31,61.57,61.54,61.02,61.25,61.38,61.14,61.44,61.64,62.02,62.42,62.68,62.27,61.91,61.30,61.00,61.58,61.66,61.73,61.96,61.79
2021-8-20 1:2:32,61.14,61.42,61.52,61.17,61.10,60.74,60.46,60.13,59.90,60.08,59.98,59.95,60.24,59.33,58.61,58.12,57.67,58.00,58.05,58.48
2021-8-20 1:2:33,58.24,57.94,57.80,57.85,57.89,57.97,57.84,57.79,58.30,58.42,58.72,59.29,59.24,58.97,58.88,58.40,58.44,58.85,59.49,59.37,59.40
2021-8-20 1:2:34,59.32,58.90,58.53,58.40,59.15,59.18,59.68,60.04,59.52,59.87,59.71,59.19,59.26,59.23,58.76,59.35,59.26,59.48,59.79,59.29
2021-8-20 1:2:35,59.19,58.73,59.02,59.37,59.74,59.93,59.94,59.70,59.76,60.16,60.56,61.05,61.35,61.73,61.86,62.10,62.52,62.70,62.98,63.49
2021-8-20 1:2:36,63.56,64.24,64.78,65.30,65.96,65.41,66.30,66.05,66.17,66.15,65.83,66.36,65.87,65.97,64.64,63.73,62.74
2021-8-20 1:2:37,62.20,62.23,61.81,62.42,62.22,62.15,61.80,61.33,61.07,60.92,61.76,61.96,62.04,61.49,61.66,61.61,62.12,62.76,62.09,62.15
2021-8-20 1:2:38,61.82,61.75,61.12,60.79,60.26,59.86,60.60,60.62,60.82,60.65,60.25,60.88,61.38,61.91,62.05,61.19,61.14,61.11,60.96,61.05
2021-8-20 1:2:39,60.44,60.23,60.25,60.57,60.62,60.64,60.70,60.21,59.93,59.79,59.18,59.16,59.34,58.68,58.71,58.54,58.60,59.58,60.01,59.53
2021-8-20 1:2:40,59.39,59.21,59.15,59.37,59.58,59.05,58.70,59.39,59.18,59.38,59.28,58.76,58.70,59.13,59.29,58.93,58.76,58.28,58.55,59.00
2021-8-20 1:2:41,59.39,59.36,58.95,59.24,59.49,59.59,59.93,59.94,59.37,59.77,60.13,60.03,60.02,59.69,59.15,59.23,59.82,59.74,60.28,60.61
2021-8-20 1:2:42,60.80,60.98,60.44,59.90,59.40,59.90,60.38,60.66,61.29,60.96,60.85,61.52,61.28,61.53,62.24,62.31,63.17,63.57,63.52,63.64,63.30
2021-8-20 1:2:43,63.07,63.44,63.60,63.57,64.17,64.12,64.75,64.95,65.20,65.17,64.90,64.66,64.40,64.57,64.11,64.56,63.57,62.72,61.81,60.85
2021-8-20 1:2:44,60.99,61.07,60.92,60.70,60.58,60.47,60.75,61.14,61.23,61.33,61.79,61.75,61.66,61.40,60.74,60.22,60.22,60.33,60.65,60.52,60.58
2021-8-20 1:2:45,60.86,61.03,61.43,61.63,61.62,61.17,61.23,61.29,61.27,61.82,62.43,62.31,62.26,62.27,61.98,62.15,61.78,61.56,61.39,61.31
2021-8-20 1:2:46,60.86,60.47,60.23,59.82,59.70,59.49,59.63,59.53,60.24,61.18,60.84,60.46,60.39,59.85,59.42,59.91,59.67,59.47,59.75,59.93,59.58
2021-8-20 1:2:47,59.55,59.78,59.66,59.92,60.28,60.14,59.74,60.00,59.70,60.04,60.22,59.78,59.82,59.87,59.86,59.63,59.36,59.47,58.98,59.14
2021-8-20 1:2:48,59.33,59.11,59.32,59.59,59.80,59.32,59.10,59.52,58.99,58.75,59.05,58.64,58.36,58.45,58.66,58.97,59.05,59.42,59.04,58.29
2021-8-20 1:2:49,58.61,58.52,58.57,58.86,58.54,58.74,58.49,58.34,58.77,58.51,58.71,58.19,57.96,58.24,58.37,58.33,58.07,57.74,56.88,57.04,57.17
2021-8-20 1:2:50,56.66,56.88,57.22,56.93,56.68,56.55,56.31,56.17,56.29,56.94,56.91,57.35,57.78,57.53,57.50,57.17,56.94,57.36,57.29,57.26
2021-8-20 1:2:51,57.56,57.49,57.93,58.22,58.26,58.53,58.69,58.92,58.66,58.44,58.33,58.08,58.48,58.27,58.14,58.01,57.92,58.15,57.61,57.89
2021-8-20 1:2:52,57.49,57.14,58.06,58.05,58.13,58.42,58.15,58.20,58.54,58.59,57.85,57.81,57.69,57.56,58.18,57.82,57.81,57.87,57.68,58.23,58.17
2021-8-20 1:2:53,58.08,58.32,58.41,58.89,59.09,58.70,58.76,58.39,58.47,58.62,58.09,57.88,57.48,57.28,57.42,57.37,58.12,58.55,58.53,58.59
2021-8-20 1:2:54,57.44,57.36,56.97,57.04,57.67,57.50,58.08,58.21,57.67,57.49,57.40,57.17,57.54,57.33,57.02,57.27,57.09,57.23,56.98,56.41
2021-8-20 1:2:55,55.97,56.15,56.51,56.89,57.62,57.89,58.26,58.12,58.10,58.26,58.17,58.42,58.51,58.49,58.36,58.19,58.25,58.33,58.24,57.91,57.44
2021-8-20 1:2:56,57.16,57.18,57.66,57.81,57.56,57.68,57.57,57.84,58.16,57.61,57.44,56.73,56.88,57.50,57.96,58.80,58.65,58.35,58.39,58.13
2021-8-20 1:2:57,58.47,58.88,58.99,58.68,58.87,58.19,57.33,57.20,56.78,57.68,58.18,58.61,57.80,57.24,57.67,57.63,57.83,57.99,57.17,57.12
2021-8-20 1:2:58,57.73,57.31,57.39,57.01,56.61,57.00,57.35,57.46,57.36,56.75,56.18,56.53,56.46,56.87,57.00,56.73,57.16,57.23,57.91,57.86
2021-8-20 1:2:59,56.96,57.29,56.71,56.72,56.98,56.46,56.89,57.01,57.08,57.11,56.54,56.48,56.73,56.56,56.80,56.69,57.00,56.93,56.54,56.33
2021-8-20 1:3:0,56.05,56.16,56.26,56.17,56.13,56.08,56.23,56.25,56.43,56.59,56.78,56.83,56.66,57.10,56.97,57.36,57.48,57.18,57.39,57.63
2021-8-20 1:3:1,57.23,56.80,57.28,57.57,57.80,57.81,57.73,56.95,56.54,57.01,56.07,55.96,56.24,56.21,56.23,56.66,56.66
2021-8-20 1:3:2,56.49,56.97,56.41,56.60,56.40,56.26,56.98,57.07,57.35,58.03,57.63,57.49,57.60,57.31,57.58,57.73,57.45,56.85,56.60,56.80,56.99
2021-8-20 1:3:3,57.05,57.33,57.43,57.26,57.23,56.85,56.54,56.25,56.37,56.36,56.69,57.08,56.85,56.99,56.62,57.04,56.38,56.56,56.96,56.81
2021-8-20 1:3:4,57.87,57.55,57.43,57.75,57.61,57.56,57.71,57.34,57.13,57.73,57.66,57.79,58.35,58.39,58.17,58.31,58.58,58.41,58.65,58.65
2021-8-20 1:3:5,58.17,58.27,58.09,57.90,58.38,58.59,59.13,59.23,59.27,59.45,59.13,59.34,59.67,59.89,59.98,60.34,60.30,60.32,61.07,61.18,61.78
2021-8-20 1:3:6,62.28,62.59,63.10,63.21,63.29,63.50,63.72,64.02,63.84,64.31,64.63,64.72,65.79,65.84,66.26,66.71,66.35,66.54,66.59,66.22
2021-8-20 1:3:7,66.18,65.26,63.98,63.41,63.15,62.84,62.90,63.55,63.36,63.82,64.14,63.91,64.41,64.80,64.72,64.54,64.15,63.47,63.29,63.06
2021-8-20 1:3:8,62.89,62.99,62.95,63.37,63.50,63.40,63.85,62.87,63.00,63.38,63.15,63.59,63.24,63.12,63.40,63.67,63.95,64.16,64.23,64.11,63.82
2021-8-20 1:3:9,63.79,63.57,63.48,64.23,64.52,64.76,65.41,64.97,65.47,65.91,65.85,66.14,65.83,65.52,65.32,65.79,65.69,66.17,67.33,67.18
2021-8-20 1:3:10,67.53,67.78,67.59,68.18,68.48,68.80,69.25,69.46,69.81,69.90,69.92,69.84,69.57,69.16,69.27,69.76,69.34,69.78,69.53,68.76,69.66
2021-8-20 1:3:11,69.60,70.13,70.62,70.20,70.50,70.16,69.92,70.02,69.78,69.60,69.40,68.99,68.35,67.85,67.30,67.05,67.18,66.99,67.29,67.49
2021-8-20 1:3:12,67.39,67.62,67.15,67.28,67.17,67.56,68.28,68.40,68.92,68.44,68.45,68.07,67.70,67.80,67.36,66.90,66.20,65.59,65.48,65.34
2021-8-20 1:3:13,65.22,64.69,63.86,63.78,63.51,63.75,63.90,64.18,64.09,64.03,64.38,63.83,64.02,64.26,63.69,63.51,63.60,63.96,64.52,65.31,65.64
2021-8-20 1:3:14,65.24,64.94,64.60,64.55,64.66,64.56,64.50,64.18,63.84,63.58,63.42,63.25,63.02,62.81,61.77,60.95,60.66,60.51,61.30,61.63
2021-8-20 1:3:15,61.36,61.50,61.14,61.18,61.02,60.37,60.49,60.31,60.51,60.56,60.69,60.97,60.93,61.41,60.94,60.65,60.63,60.69,60.87,60.75
2021-8-20 1:3:16,60.24,59.93,60.13,60.63,61.29,61.31,61.14,60.83,60.43,60.66,60.29,59.78,59.58,59.63,59.38,59.38,59.46,59.31,59.68,60.09
2021-8-20 1:3:17,60.57,60.41,60.05,59.91,60.33,60.27,61.08,60.70,60.51,61.05,60.63,61.26,61.20,60.71,60.99,60.92,60.82,61.13,61.07,61.16
2021-8-20 1:3:18,61.11,61.15,61.17,61.14,61.64,61.42,61.54,61.28,61.08,60.91,61.51,61.76,61.86,62.29,61.52,61.67,61.39,61.66,61.98,61.91
2021-8-20 1:3:19,62.27,62.17,62.42,62.70,63.24,63.30,63.19,63.62,63.54,63.72,63.87,63.68,63.72,63.87,64.04,64.50,64.65,64.76,65.11,65.36
2021-8-20 1:3:20,65.49,66.01,66.30,66.53,67.00,67.51,68.73,69.03,69.19,69.60,69.41,70.21,70.95,71.19,72.22,71.97,71.79,71.37,70.11,70.24,70.23
2021-8-20 1:3:22,70.42,69.84,69.31,68.70,67.56,67.19,66.19,65.24,64.99,64.47,64.33,64.26,63.89,63.74,63.54,63.47,63.09,63.41,63.40,62.77,62.71
2021-8-20 1:3:23,61.95,61.78,61.53,61.72,62.04,62.01,62.24,62.48,62.75,63.14,63.78,63.80,63.93,64.02,64.52,64.59,64.64,64.82,65.15,65.17
2021-8-20 1:3:24,65.33,65.42,65.10,65.40,65.29,65.23,64.94,65.25,65.61,65.35,66.05,65.59,65.68,66.72,66.24,66.65,66.89,66.54,67.10,66.79,66.23
2021-8-20 1:3:25,66.20,66.00,66.32,66.53,66.28,66.41,66.72,66.48,66.55,66.92,67.43,67.99,68.73,69.16,69.51,69.96,69.99,69.33,69.35,68.86
2021-8-20 1:3:26,68.44,68.93,69.23,69.81,70.06,69.75,69.10,68.82,69.03,68.70,68.56,68.35,68.53,68.78,69.15,68.93,68.50,68.61,68.05,68.98
2021-8-20 1:3:27,69.29,69.27,68.87,68.09,67.66,67.27,67.89,67.97,68.19,68.79,68.33,68.77,68.27,68.37,68.56,68.13,67.98,67.46
2021-8-20 1:3:28,67.06,67.13,67.17,67.15,66.70,66.79,67.57,67.37,67.58,67.19,66.50,66.97,67.87,67.77,67.52,66.84,66.73,67.21,67.30,68.03
2021-8-20 1:3:29,67.91,68.21,69.51,69.43,69.55,69.41,68.83,68.28,68.34,68.31,67.95,68.36,68.97,69.16,70.06,70.45,70.43,71.24,71.56,72.10
2021-8-20 1:3:30,72.35,72.38,72.23,72.25,72.39,72.67,72.81,72.20,71.55,70.73,69.90,69.73,69.68,69.27,68.77,68.46,68.37,68.13,68.65,68.94
2021-8-20 1:3:31,68.86,69.10,69.96,70.94,71.85,71.72,70.39,68.76,67.44,67.31,67.21,67.30,67.72,68.37,69.44,70.20,70.63,70.41,69.54,69.51,68.73
2021-8-20 1:3:32,68.30,68.08,67.59,68.20,68.24,68.93,69.61,70.02,70.74,71.51,71.58,71.81,72.48,73.16,74.51,74.48,74.05,72.85,71.53,71.27
2021-8-20 1:3:33,71.11,71.27,71.76,71.78,71.38,70.51,69.16,67.98,67.01,66.24,65.69,64.87,64.53,64.78,64.63,64.86,65.22,64.52,64.55,64.87,64.74
2021-8-20 1:3:34,65.19,66.28,66.90,66.92,66.94,66.18,65.60,65.33,65.84,66.45,66.89,68.56,68.77,69.62,69.81,68.64,68.27,66.66,66.61,66.45
2021-8-20 1:3:35,66.45,66.50,65.63,66.33,67.36,67.67,67.79,66.93,67.89,70.01,72.38,73.49,71.67,69.38,66.77,65.81,66.04,65.86,66.45,66.11
2021-8-20 1:3:36,64.48,63.95,63.29,63.08,63.90,64.42,64.25,64.95,65.41,65.33,66.42,67.52,69.09,70.96,71.65,71.31,69.43,67.31,65.60,64.32
2021-8-20 1:3:37,64.34,64.52,64.95,65.09,67.20,69.99,72.29,73.82,72.59,70.21,67.62,66.40,65.61,64.96,64.82,64.12,63.89,63.53,64.06,64.67
2021-8-20 1:3:38,64.73,65.69,65.54,65.31,64.95,65.36,65.22,65.43,65.97,64.96,65.04,65.20,65.58,66.15,66.35,65.85,65.13,64.44,63.98,64.17
2021-8-20 1:3:39,64.15,64.02,64.12,63.86,63.58,63.91,63.37,63.51,64.08,63.64,63.80,63.56,62.94,62.64,62.91,62.83,62.49,62.78,62.65,62.11
2021-8-20 1:3:40,62.04,61.93,61.88,62.14,62.34,62.69,62.50,62.40,62.23,61.82,61.66,61.64,61.97,61.96,62.09,61.45,61.18,60.94,60.73,61.49
2021-8-20 1:3:41,61.69,61.70,62.16,62.28,61.61,61.90,61.89,62.03,62.71,62.18,61.84,61.55,61.35,61.92,62.01,61.89,61.90,61.78,61.87,62.31
2021-8-20 1:3:42,62.40,62.60,62.54,62.34,62.32,62.12,62.27,62.17,61.77,61.61,61.09,61.31,61.81,62.08,62.14,62.72,62.63,62.71,62.77,62.46
2021-8-20 1:3:43,63.14,63.00,63.20,62.98,62.56,63.04,63.12,63.24,63.36,63.16,63.13,63.27,63.12,62.95,63.14,62.83,63.43,63.90,64.15,64.22,64.68
2021-8-20 1:3:44,65.02,65.20,65.69,65.03,64.51,63.91,63.83,64.12,64.02,65.01,64.64,63.88,64.25,64.02,64.45,65.01,65.15,64.68,64.49,64.49,63.86
2021-8-20 1:3:45,63.87,63.65,63.51,63.77,63.80,63.93,64.01,63.84,63.99,63.98,64.00,64.75,64.95,65.02,65.16,64.81,64.95,65.38,65.40,65.15
2021-8-20 1:3:46,65.06,64.51,64.97,65.51,65.57,66.06,65.99,66.15,66.32,66.40,66.28,66.53,66.37,66.33,66.38,65.90,66.08,66.05,66.22,65.77
2021-8-20 1:3:47,65.18,65.06,64.79,65.02,64.48,64.00,63.71,64.16,64.67,64.36,63.97,63.47,63.80,64.54,64.59,64.71,64.53,63.97,64.90,64.88,64.81
2021-8-20 1:3:48,65.06,64.19,64.22,64.82,65.53,65.36,65.23,64.81,63.84,64.58,65.42,65.71,65.97,65.65,64.90,65.55,65.88,65.60,65.83,65.01
2021-8-20 1:3:49,64.73,65.65,66.06,66.07,65.88,65.22,65.09,65.11,66.28,66.41,65.84,65.66,64.74,65.21,66.15,65.90,65.59,64.79,63.65,64.63
2021-8-20 1:3:50,65.31,65.30,65.10,64.32,63.91,64.69,65.85,65.48,65.34,64.36,63.22,63.40,64.43,65.08,65.04,64.64,63.59,63.19,63.60,64.88
2021-8-20 1:3:51,64.92,64.43,64.21,63.59,63.73,65.03,65.93,65.78,65.82,64.80,64.27,64.87,65.70,66.00,65.62,64.78,64.24,64.51,65.24,66.21
2021-8-20 1:3:52,66.72,66.20,65.40,64.65,64.12,64.47,65.58,66.00,65.55,65.14,64.25,63.81,64.15,64.78,65.82,66.47,66.18,65.49,64.47,63.83
2021-8-20 1:3:53,63.73,64.11,64.26,64.50,64.72,64.66,64.78,64.78,65.76,66.64,66.72,66.24,65.19,64.32,64.29,64.22,64.66,65.31,66.26
2021-8-20 1:3:54,67.51,67.43,66.45,65.49,64.40,64.08,64.43,64.42,65.11,65.97,66.88,67.05,66.65,65.79,64.98,64.31,63.97,64.10,63.98,64.70
2021-8-20 1:3:55,65.49,65.88,65.93,65.38,64.65,63.38,63.22,63.55,63.50,64.35,64.83,65.62,65.63,64.64,64.06,62.86,62.89,63.48,63.42,64.03,64.98
2021-8-20 1:3:56,65.43,65.58,64.56,63.55,63.08,62.93,63.53,63.97,64.97,66.19,66.50,65.99,64.78,63.18,62.64,62.78,62.76,63.08,63.45,64.43
2021-8-20 1:3:57,65.17,65.04,64.61,63.49,62.56,63.33,63.71,64.69,66.04,65.43,65.23,64.33,63.37,63.59,63.80,64.51,65.88,65.88,65.31,64.40
2021-8-20 1:3:58,62.98,63.08,63.77,64.55,65.86,65.70,64.97,63.88,62.55,62.41,62.88,63.96,65.14,65.47,65.37,64.63,63.62,63.42,63.75,64.05
2021-8-20 1:3:59,64.28,64.48,65.34,65.78,65.99,65.79,64.41,64.04,63.71,63.54,63.81,64.12,64.52,64.63,64.51,64.01,63.37,63.70,64.54,65.54
2021-8-20 1:4:0,66.58,65.93,64.98,63.92,63.04,63.83,64.22,64.61,65.49,66.09,66.62,66.47,65.51,64.28,63.43,63.05,62.90,63.08,63.50,64.11
2021-8-20 1:4:1,65.13,66.26,66.94,66.17,65.38,63.97,62.89,63.43,63.77,64.41,65.02,65.78,66.57,66.64,66.26,65.23,64.26,63.76,63.71,63.66
2021-8-20 1:4:2,63.59,63.95,65.02,66.17,66.48,66.10,65.08,63.98,63.39,63.90,64.19,65.34,66.20,65.87,65.94,65.12,64.61,64.51,64.38,64.40
2021-8-20 1:4:3,64.56,65.38,66.26,67.15,67.23,66.37,64.97,63.80,63.79,64.04,64.61,64.86,65.03,65.63,66.56,67.12,67.06,66.60,65.26,64.65
2021-8-20 1:4:4,64.55,64.69,64.70,64.90,64.92,64.90,65.67,66.35,67.13,67.25,66.58,65.45,64.48,63.90,63.63,63.94,63.98,64.77,65.91,66.30
2021-8-20 1:4:5,66.35,65.59,64.32,63.87,63.73,64.18,64.86,65.60,66.39,65.72,65.08,64.11,63.18,63.95,65.02,65.84,66.13,65.67,65.00,64.19
2021-8-20 1:4:6,64.13,64.45,64.50,65.40,65.34,64.70,64.41,63.58,63.77,64.47,65.64,66.20,65.71,65.06,64.08,63.38,63.82,64.71,65.67,66.32
2021-8-20 1:4:7,65.99,65.27,64.43,63.91,63.82,64.08,65.15,66.34,66.52,66.02,64.20,62.85,63.28,64.06,65.55,65.86,65.32,64.27,63.03,63.25,64.12
2021-8-20 1:4:8,65.25,65.22,64.44,63.30,62.39,62.71,63.51,64.88,65.06,64.53,63.55,62.10,62.49,63.08,64.64,65.73,65.30,64.66,63.35,62.69
2021-8-20 1:4:9,62.86,64.28,65.33,65.07,65.32,64.10,63.26,63.57,63.41,64.76,64.86,64.48,64.42,63.47,63.62,64.12,64.79,65.74,65.61,65.33
2021-8-20 1:4:10,64.42,63.08,62.22,62.58,62.97,63.43,65.53,65.84,65.25,64.99,63.57,62.86,63.22,63.81,65.16,65.46,65.55,64.91,63.59,63.41,63.60
2021-8-20 1:4:11,64.31,65.54,66.29,66.50,66.31,65.39,64.64,63.97,63.61,63.64,63.57,64.87,65.42,64.96,64.42,63.87,63.69,64.36,65.83,66.06
2021-8-20 1:4:12,65.77,65.48,64.48,63.79,63.73,64.89,65.72,65.95,66.06,64.80,63.88,63.67,64.27,65.46,65.57,65.43,64.32,63.05,62.71,63.09,64.33
2021-8-20 1:4:13,65.40,65.62,65.33,64.30,63.52,64.08,64.85,65.30,64.96,64.25,63.44,63.29,63.88,65.20,65.11,64.66,63.96,62.86,63.20,64.54,64.56
2021-8-20 1:4:14,64.53,64.20,63.06,63.32,64.44,64.23,64.00,63.94,63.03,63.66,64.30,65.25,64.80,64.27,63.73,62.76,62.99,63.74,65.00,65.44
2021-8-20 1:4:15,65.52,64.78,63.64,63.38,63.60,63.91,65.04,65.84,65.32,65.47,64.22,63.81,64.28,64.71,65.95,66.10,65.81,64.98,63.84,63.17
2021-8-20 1:4:16,63.61,63.93,65.03,66.06,65.68,65.77,64.65,63.59,63.78,64.06,65.51,66.06,66.14,65.55,64.17,63.98,63.76,64.24,65.06,64.62
2021-8-20 1:4:17,64.45,63.61,63.02,63.27,63.92,65.27,65.00,64.46,63.55,62.45,62.74,63.56,64.75,65.63,65.91,65.38,64.52,63.65,63.31,64.08
2021-8-20 1:4:18,65.29,65.44,65.09,64.14,63.05,62.75,62.79,62.72,62.35,62.65,63.92,65.04,65.10,65.01,63.63,63.03,63.50,64.37,64.43,64.29
2021-8-20 1:4:19,63.61,62.96,63.82,64.69,64.93,64.87,64.26,63.66,64.15,65.16,64.97,64.35,64.02,62.84,63.15,64.44,64.82,64.39,64.15,63.13
2021-8-20 1:4:20,62.46,63.22,64.19,65.03,65.35,65.18,64.55,63.87,64.22,65.12,65.33,65.02,64.34,63.05,62.52,63.19,64.01,63.86,63.91,63.20
2021-8-20 1:4:21,62.44,63.73,64.56,65.09,65.22,64.01,63.28,63.76,64.89,65.24,65.09,64.29,63.48,63.91,64.83,65.34,64.88,64.47,63.68,63.28,64.53
2021-8-20 1:4:22,65.36,65.45,65.74,65.09,64.20,64.04,64.30,64.90,65.73,65.95,65.65,64.73,64.06,63.97,64.26,64.78,66.01,66.28,66.10,65.41
2021-8-20 1:4:23,64.13,63.90,63.59,64.05,64.72,65.71,65.61,65.34,64.17,62.97,63.60,63.67,64.53,65.39,65.01,64.99,64.28,63.72,63.93,64.01
2021-8-20 1:4:24,65.41,66.06,65.75,65.31,63.87,63.10,63.23,63.71,64.69,65.55,65.69,65.45,64.85,64.03,63.91,63.94,64.63,65.28,64.89,64.84
2021-8-20 1:4:25,63.63,62.98,63.12,63.31,64.24,65.25,65.21,64.84,64.08,63.06,63.21,64.49,65.35,64.97,64.62,63.89,63.40,63.94,65.17,65.45
2021-8-20 1:4:26,65.02,64.75,63.44,62.63,63.20,63.73,64.29,64.05,63.41,62.63,62.58,63.04,63.97,65.23,65.03,64.88,63.97,62.76,62.46,63.00
2021-8-20 1:4:27,63.57,64.75,66.03,65.80,65.40,64.53,63.43,63.39,63.46,64.00,65.24,65.87,66.23,65.04,63.89,62.90,62.86,63.51,64.66,65.73
2021-8-20 1:4:28,65.91,65.75,64.67,64.06,63.58,64.22,65.21,64.95,64.48,63.69,62.78,63.37,64.40,65.64,65.48,64.73,64.16,63.02,63.73,64.26
2021-8-20 1:4:29,65.18,66.28,66.18,65.80,65.10,64.18,63.60,64.14,64.45,65.19,66.13,65.65,64.94,64.27,63.29,63.61,64.06,64.93,66.14,65.74
2021-8-20 1:4:30,65.49,64.85,63.72,63.59,63.29,63.49,64.38,65.06,65.09,64.07,63.44,62.93,63.33,64.60,65.57,66.35,65.86,64.84,63.66,63.75
2021-8-20 1:4:31,65.03,65.20,65.04,64.52,63.38,63.25,63.38,64.05,65.30,65.32,64.82,63.87,63.07,63.83,65.23,65.72,65.23,64.45,63.52,63.71
2021-8-20 1:4:32,64.55,65.73,65.49,64.66,64.59,63.65,64.04,64.81,64.58,64.22,63.72,62.98,63.29,63.89,64.55,65.88,66.27,65.99,65.57,64.13,63.61
2021-8-20 1:4:33,63.89,64.27,64.93,66.04,66.47,71.37,77.00,81.45,86.53,86.74,85.92,84.62,83.31,81.78,80.19,78.48,76.44,74.36,72.13,70.17
2021-8-20 1:4:34,69.13,68.08,66.74,66.12,65.44,64.90,65.85,66.35,66.24,65.81,64.51,63.47,63.31,64.55,64.59,64.53,64.35,63.69,63.98,65.01
2021-8-20 1:4:35,65.20,64.61,64.63,63.63,63.38,63.67,64.25,65.08,65.19,65.93,65.00,64.17,63.99,64.07,65.34,65.85,65.75,65.61,64.65,64.40
2021-8-20 1:4:36,65.35,65.74,65.97,65.66,64.39,63.91,64.10,65.07,66.62,66.55,65.87,64.95,63.64,63.81,64.31,65.23,66.16,66.17,66.07,65.43
2021-8-20 1:4:37,65.02,64.90,65.31,66.32,66.19,66.75,67.94,67.71,68.41,69.31,70.38,71.32,73.51,74.46,74.19,74.86,74.87,75.59,76.62,77.87,78.32
2021-8-20 1:4:38,78.27,78.86,79.46,79.80,80.16,79.32,78.44,77.98,77.74,78.16,78.69,79.08,79.21,79.06,78.75,78.34,77.89,78.58,78.55,78.64
2021-8-20 1:4:39,79.53,78.59,78.18,78.51,77.03,76.46,76.97,76.60,76.80,76.14,74.81,73.88,74.02,74.57,74.69,74.56,73.92,73.99,74.35,74.96
2021-8-20 1:4:40,75.24,75.06,74.87,74.94,75.13,75.25,75.28,74.84,74.34,74.63,74.42,74.33,74.63,74.09,74.00,73.71,73.55,73.24,73.33,73.26
2021-8-20 1:4:41,72.77,73.36,73.04,72.33,72.33,71.77,71.32,72.13,72.56,72.30,72.36,72.07,71.87,71.89,71.57,71.19,69.92,69.57,69.45,69.01
2021-8-20 1:4:42,68.34,67.25,66.53,65.43,65.55,65.70,66.04,66.42,66.30,65.99,65.76,66.24,66.55,66.74,67.05,66.77,67.16,67.78,67.82,68.15
2021-8-20 1:4:43,67.76,68.04,68.13,68.47,68.97,69.56,70.12,70.39,70.73,70.52,70.14,69.66,69.75,69.85,70.47,70.99,70.86,70.61
2021-8-20 1:4:44,70.32,69.78,69.88,69.91,69.33,69.69,69.68,69.62,69.70,69.03,68.51,68.16,67.81,67.55,67.28,66.69,66.89,67.35,66.97,67.03
2021-8-20 1:4:45,66.58,66.18,66.20,66.56,66.52,66.35,66.28,65.81,65.76,65.68,65.63,65.57,65.26,65.12,65.18,65.12,65.35,65.77,65.67,65.49
2021-8-20 1:4:46,65.74,65.45,65.72,65.79,65.70,65.66,65.64,65.79,65.42,65.55,65.33,65.42,65.58,65.21,65.09,65.12,65.33,65.47,65.88,65.71
2021-8-20 1:4:47,65.56,66.05,66.22,66.26,66.38,66.14,66.34,66.64,67.12,68.03,67.57,67.68,67.56,66.68,67.38,67.11,67.23,67.23,66.59,66.58
2021-8-20 1:4:48,66.06,66.02,65.74,65.89,66.18,65.72,65.81,65.48,64.96,65.17,65.04,65.06,65.20,65.30,65.68,65.79,65.45,65.70,65.51,65.70
2021-8-20 1:4:49,66.01,66.07,66.32,66.47,66.80,66.70,66.64,66.54,66.59,66.98,67.21,67.45,68.23,68.51,68.84,69.15,68.51,68.81,68.76,69.04
2021-8-20 1:4:50,69.54,69.42,69.69,69.43,69.16,69.06,68.92,69.21,69.38,69.23,69.58,69.45,69.84,69.80,68.97,68.49,67.88,67.91,68.37,68.83,68.53
2021-8-20 1:4:51,68.29,67.78,66.93,67.04,67.05,66.93,67.31,67.19,66.91,66.83,66.37,66.05,66.02,65.88,65.77,65.49,65.57,66.11,66.49,66.70
2021-8-20 1:4:52,66.54,66.21,65.94,66.29,66.59,66.78,66.93,67.77,67.98,67.73,68.37,68.30,68.35,68.97,69.01,69.14,68.84,68.76,68.58,68.64
2021-8-20 1:4:53,69.24,70.02,70.61,70.57,71.42,70.78,70.96,71.12,71.75,72.03,71.74,71.46,70.10,70.32,70.33,70.16,69.89,69.17,68.70,68.79,69.01
2021-8-20 1:4:54,68.91,69.71,70.14,69.98,69.97,69.69,68.99,68.98,69.31,69.42,69.88,71.04,71.93,71.51,71.55,70.99,70.47,71.30,71.28,71.25,71.39
2021-8-20 1:4:56,71.21,71.18,71.72,72.01,71.56,72.20,71.60,70.80,70.44,69.69,69.72,70.39,71.29,71.23,71.50,71.48,71.22,71.50,70.94,69.96
2021-8-20 1:4:57,69.49,69.39,69.21,69.67,69.21,69.07,68.94,68.79,69.48,69.96,70.36,70.60,70.75,69.99,69.67,69.53,69.60,69.99,70.34,70.27,70.07
2021-8-20 1:4:58,69.95,69.70,69.93,69.19,68.42,67.97,68.14,68.77,68.81,69.05,68.57,68.04,68.17,68.10,67.82,67.71,67.81,67.73,67.86,67.98
2021-8-20 1:4:59,67.65,67.80,67.37,67.27,67.35,66.99,67.27,67.06,66.68,66.69,66.64,66.84,67.03,66.22,65.70,65.82,66.71,67.38,67.84,67.99
2021-8-20 1:5:0,67.43,67.98,68.47,68.35,68.36,68.13,68.44,68.13,68.48,68.28,67.45,67.17,66.74,66.56,66.77,66.86,67.11,67.20,66.52,66.33
2021-8-20 1:5:1,65.38,64.58,64.48,64.32,64.40,65.01,65.23,65.55,65.42,64.88,65.15,64.58,64.87,65.24,64.62,65.22,65.03,64.97,64.93,65.26
2021-8-20 1:5:2,65.63,65.69,66.38,66.38,66.21,66.22,66.00,65.07,64.75,65.19,64.96,64.31,63.82,62.94,62.60,63.71,63.87,63.94,63.58,63.06
2021-8-20 1:5:3,62.93,62.39,62.50,62.62,62.19,62.04,61.73,61.43,61.57,61.64,61.33,60.72,61.16,61.35,61.47,61.01,60.76,60.73,61.03,61.70
2021-8-20 1:5:4,61.34,60.83,60.56,60.35,60.18,60.08,60.22,60.37,60.74,61.26,61.42,61.47,61.07,60.80,60.30,59.98,60.48,60.78,61.03,61.27
2021-8-20 1:5:5,61.21,60.89,61.06,61.73,62.45,62.83,62.86,62.78,62.30,62.81,63.34,63.69,64.53,65.21,65.48,65.94,65.92,66.23,67.16,68.01,68.80
2021-8-20 1:5:6,68.88,68.70,68.31,68.21,68.72,69.00,69.51,69.72,69.52,70.13,70.04,69.97,69.54,68.71,68.02,67.72,67.86,67.75,68.04,67.82
2021-8-20 1:5:7,67.82,67.37,67.01,66.50,65.84,66.00,65.52,65.48,65.76,65.57,65.33,65.26,64.52,64.74,65.14,64.97,65.12,64.81,64.79,64.74
2021-8-20 1:5:8,64.52,64.15,64.25,64.41,64.82,65.00,64.01,64.09,63.33,63.41,63.94,63.41,64.09,64.36,64.58,64.50,64.40,63.76,63.72,64.16,64.00
2021-8-20 1:5:9,64.38,64.11,64.17,64.51,64.38,64.80,64.85,64.57,64.44,64.19,64.71,65.65,66.23,66.46,66.26,65.61,65.42,65.39,65.59,65.67
2021-8-20 1:5:10,65.54,65.12,64.59,63.79,63.84,63.89,63.90,64.28,63.61,63.37,63.37,63.46,63.58,64.08,63.70,63.77,64.09,63.91,64.55,64.96,64.90
2021-8-20 1:5:11,65.43,64.87,64.46,64.59,64.12,64.38,63.35,63.10,63.27,63.26,63.41,63.16,62.27,62.12,62.47,63.08,63.54,63.31,63.92,63.42
2021-8-20 1:5:12,63.26,63.38,62.84,62.94,63.05,62.76,62.41,61.86,62.51,63.18,63.39,63.84,62.79,63.23,63.13,62.85,63.59,62.65,62.84,63.18,63.16
2021-8-20 1:5:13,63.57,63.66,63.21,62.44,62.34,62.46,62.75,63.27,62.91,63.35,63.26,63.72,64.31,64.25,64.86,65.10,65.51,65.85,66.15,66.40
2021-8-20 1:5:14,66.42,66.83,66.87,66.46,66.94,66.67,66.38,66.64,66.48,67.03,69.01,69.70,70.01,70.68,70.51,70.61,70.57,70.61,70.35,70.75
2021-8-20 1:5:15,71.25,71.48,71.40,71.40,71.80,72.49,73.22,73.79,73.49,73.14,72.59,72.20,72.83,72.44,72.55,73.13,72.75,72.74,72.08,71.38
2021-8-20 1:5:16,71.18,70.21,70.59,70.87,70.68,71.51,71.88,71.21,71.32,70.84,71.16,71.37,71.07,71.44,70.45,70.63,70.88,70.24,70.33,69.86,69.11
2021-8-20 1:5:17,69.68,69.61,69.73,70.30,69.14,68.94,68.89,68.67,69.13,69.39,69.07,68.35,67.74,67.29,66.78,66.96,67.41,67.08,67.34,67.20
2021-8-20 1:5:18,66.63,66.48,66.68,66.47,66.44,66.21,65.55,65.28,65.84,65.75,65.84,65.38,64.58,64.72,64.86,65.49,66.01,65.78,66.12,66.18
2021-8-20 1:5:19,65.70,65.69,65.37,64.76,65.28,65.47,65.41,65.89,66.16,66.13,66.20,66.71,66.15,66.89,66.79,66.39,67.20,66.49,66.64,67.19
2021-8-20 1:5:20,66.95,67.82,67.93,67.98,68.35,68.53,69.04,68.70,68.64,68.65,68.81,69.28,68.96,68.99,68.97,69.25,69.56,69.22,68.97,68.41,68.05
2021-8-20 1:5:21,68.43,68.73,68.86,68.60,68.39,67.54,67.49,67.59,67.29,67.19,66.72,66.76,67.00,67.72,67.68,67.64,67.53,67.25,67.31,67.03,66.88
2021-8-20 1:5:22,66.23,65.43,65.86,65.74,66.34,67.05,66.44,66.69,67.10,67.50,67.92,68.16,67.74,67.57,68.11,67.73,67.33,67.07,66.75,66.92
2021-8-20 1:5:23,66.37,66.34,66.25,66.11,66.09,65.66,65.68,65.22,65.98,66.57,66.10,66.48,66.14,65.66,65.77,65.76,65.89,66.01,66.36,65.62,65.73
2021-8-20 1:5:24,66.06,65.56,66.45,66.55,67.61,68.46,67.97,67.49,65.79,65.80,65.90,65.76,66.26,65.68,65.76,66.51,66.95,66.92,66.84,66.08
2021-8-20 1:5:25,65.54,65.65,66.25,66.92,67.82,68.16,67.83,67.27,66.82,66.28,65.73,66.31,66.72,67.75,68.06,67.80,68.33,68.16,68.36,67.76
2021-8-20 1:5:26,66.19,64.93,64.52,64.61,64.96,65.25,65.35,64.89,64.27,63.61,63.00,63.13,63.17,63.44,63.64,63.48,63.95,64.58,64.65,65.52,65.33
2021-8-20 1:5:27,64.88,65.36,64.97,65.11,64.94,64.15,64.16,64.42,64.81,65.15,65.40,65.53,65.61,66.02,65.83,65.37,65.26,64.92,64.98,65.50
2021-8-20 1:5:28,65.31,64.85,65.03,64.79,64.79,64.97,64.73,64.55,64.41,64.84,64.86,64.39,63.93,63.13,63.43,63.68,63.61,64.05,63.75,63.04
2021-8-20 1:5:29,63.19,63.31,63.07,63.43,63.62,63.20,62.91,63.38,63.78,63.81,63.87,63.68,63.29,63.28,63.25,63.06,62.86,62.85,62.86,62.72,62.59
2021-8-20 1:5:30,62.89,62.39,62.06,62.37,62.32,62.88,63.68,63.96,63.90,64.51,64.95,65.13,65.10,64.76,64.44,64.41,64.91,65.57,65.96,66.72
2021-8-20 1:5:31,67.58,68.14,68.44,68.39,68.01,67.71,67.74,67.60,67.71,68.01,67.96,68.93,69.47,69.30,69.45,69.65,69.43,70.23,70.97,70.32
2021-8-20 1:5:32,70.45,69.79,69.56,69.89,70.70,71.20,71.83,72.27,72.17,72.63,72.57,72.38,71.98,71.73,71.35,71.66,71.18,71.63,72.03,71.42,71.62
2021-8-20 1:5:33,71.31,70.77,71.01,70.92,70.33,69.66,69.53,69.23,68.61,68.75,67.93,67.81,67.98,67.79,67.34,66.78,66.29,65.62,65.51,65.79
2021-8-20 1:5:34,65.28,65.30,65.05,64.38,64.45,64.70,64.67,64.49,64.13,64.15,64.26,64.43,64.61,64.47,64.16,64.24,64.27,63.66,63.87,63.80
2021-8-20 1:5:35,63.19,62.79,62.55,61.58,61.37,61.59,61.29,61.39,61.91,61.52,61.32,61.13,61.53,62.06,61.73,62.29,61.72,61.32,61.86
2021-8-20 1:5:36,61.43,61.40,61.14,61.08,61.28,61.52,61.55,60.95,61.10,61.50,61.69,62.59,62.43,61.84,62.27,61.91,61.96,62.05,61.83,61.47
2021-8-20 1:5:37,62.12,62.13,62.23,62.95,62.91,63.10,63.41,63.24,63.09,63.39,63.15,63.79,64.18,64.43,65.28,65.98,66.32,66.89,66.97,66.66,66.87
2021-8-20 1:5:38,66.85,66.94,66.90,67.46,67.28,67.89,68.90,69.31,69.26,68.39,67.32,66.27,65.57,65.64,65.54,65.01,65.74,65.59,65.59,65.75
2021-8-20 1:5:39,65.12,65.14,64.75,64.37,64.48,64.67,65.00,65.37,65.01,64.59,64.49,64.19,64.33,63.98,63.66,63.27,63.09,63.27,63.48,63.35
2021-8-20 1:5:40,63.49,62.93,62.44,62.43,62.44,62.69,62.36,62.63,62.07,61.90,62.03,62.15,62.26,62.27,62.29,62.07,61.90,61.83,61.87,62.06,62.57
2021-8-20 1:5:41,62.84,62.88,62.12,61.71,61.59,61.54,62.03,62.09,62.76,62.47,62.31,62.54,62.27,62.43,63.10,63.34,63.12,63.63,62.90,62.89
2021-8-20 1:5:42,62.97,62.78,63.32,63.44,63.51,63.52,63.54,62.92,62.60,62.82,62.66,62.90,63.35,63.18,63.27,63.24,63.48,63.72,63.97,64.16
2021-8-20 1:5:43,64.21,64.65,64.57,64.70,64.50,64.23,64.57,64.92,64.92,65.34,65.47,65.97,66.69,66.93,67.17,66.90,66.90,66.75,66.53,67.25,67.06
2021-8-20 1:5:44,67.22,67.20,66.57,66.41,65.97,66.01,66.18,66.42,66.49,66.55,66.60,66.96,67.15,67.29,67.22,66.83,66.99,66.93,66.98,67.17,66.58
2021-8-20 1:5:46,66.24,65.64,65.57,65.46,65.89,66.18,65.79,66.00,65.46,65.45,65.24,65.03,65.25,64.89,64.56,64.29,64.39,64.07,64.70,65.20
2021-8-20 1:5:47,64.46,64.85,63.80,63.42,63.89,63.70,64.04,63.96,63.76,63.45,63.44,63.26,63.02,62.93,62.52,62.18,61.65,61.88,62.56,63.07
2021-8-20 1:5:48,63.85,63.70,63.33,63.42,63.52,64.02,64.12,64.41,64.34,64.14,64.03,63.69,63.48,63.51,64.16,64.41,64.76,64.71,63.76,63.34
2021-8-20 1:5:49,62.99,63.39,63.99,64.38,64.41,64.38,64.25,64.77,65.44,64.95,65.54,65.07,64.61,65.14,65.21,65.20,65.07,64.58,63.74,63.78
2021-8-20 1:5:50,63.55,63.67,63.78,63.34,63.84,63.87,63.95,64.21,64.43,64.30,64.21,64.09,63.72,64.17,64.21,64.17,64.31,64.65,64.85,65.07
2021-8-20 1:5:51,64.89,64.64,64.84,65.12,65.29,65.26,65.21,65.41,65.67,65.99,66.65,66.83,67.30,67.27,67.17,67.41,67.49,67.90,68.34,67.81
2021-8-20 1:5:52,67.88,67.55,67.65,68.06,68.30,68.46,67.84,67.56,67.31,66.58,66.84,66.27,66.08,65.74,65.66,65.98,65.21,65.57,64.54,64.20
2021-8-20 1:5:53,63.74,63.47,63.93,63.48,63.84,64.09,64.01,64.85,64.83,64.93,65.41,64.97,65.52,65.44,64.53,64.21,63.43,62.71,62.72,62.60
2021-8-20 1:5:54,62.30,62.40,61.58,61.45,61.79,61.51,61.89,62.11,61.80,62.44,62.57,62.30,62.02,61.91,62.04,61.74,62.13,62.10,62.32,63.11
2021-8-20 1:5:55,63.52,63.32,63.24,63.39,63.14,63.33,63.27,63.29,63.77,63.85,63.93,64.20,64.25,64.36,64.74,64.39,63.89,64.39,63.60,63.68,63.44
2021-8-20 1:5:56,63.09,63.78,63.77,64.07,64.17,64.08,64.60,64.16,63.63,63.27,62.64,62.79,62.92,63.25,63.10,63.05,62.73,62.48,62.37,62.75
2021-8-20 1:5:57,63.09,62.71,62.11,61.29,60.54,60.47,60.57,60.95,61.35,61.30,60.79,60.34,60.55,60.46,61.06,60.94,60.27,60.47,60.59,61.08
2021-8-20 1:5:58,60.81,60.69,60.56,59.90,59.75,59.85,59.60,59.85,60.54,60.88,60.76,60.42,60.04,59.30,59.68,60.21,59.92,60.66,60.24,60.05
2021-8-20 1:5:59,60.40,59.61,60.29,60.56,60.23,60.51,59.98,59.92,60.30,60.17,60.05,60.11,60.06,60.26,60.64,60.80,61.43,61.62,61.59,61.46
2021-8-20 1:6:0,60.72,60.38,60.25,59.52,59.40,59.25,59.32,60.18,60.46,60.58,60.70,60.63,60.71,61.12,61.23,61.15,61.27,61.40,61.35,62.00
2021-8-20 1:6:1,62.07,62.12,62.28,62.58,63.18,63.35,63.53,63.19,62.92,62.20,61.88,61.46,61.15,61.65,61.40,61.48,61.30
2021-8-20 1:6:2,61.08,61.19,61.10,61.39,61.12,60.92,60.74,60.69,60.70,61.01,61.02,61.11,61.19,61.27,61.49,61.30,61.70,61.72,61.83,62.24
2021-8-20 1:6:3,62.70,62.93,62.92,62.75,62.48,62.65,62.52,62.60,62.75,62.52,62.55,62.76,63.03,63.39,63.83,64.19,63.92,63.65,63.61,63.33
2021-8-20 1:6:4,63.13,62.95,62.41,61.75,61.48,61.44,61.46,61.15,61.13,61.19,61.55,61.65,61.43,61.23,60.94,60.96,61.09,61.18,61.56,62.11
2021-8-20 1:6:5,62.17,61.76,61.38,61.58,61.47,61.88,61.49,61.15,61.15,60.79,60.56,60.22,60.02,59.95,60.07,59.45,59.37,59.30,59.00,59.21
2021-8-20 1:6:6,58.94,58.87,59.16,59.75,60.46,60.51,60.62,60.50,59.82,59.32,58.94,58.29,58.65,59.26,59.89,59.79,59.54,59.26,58.47,58.41
2021-8-20 1:6:7,58.21,57.98,58.30,58.60,59.16,59.03,58.97,59.36,58.98,59.21,59.11,58.62,58.32,58.24,58.54,58.51,58.86,59.14,58.46,58.29
2021-8-20 1:6:8,58.34,58.01,58.05,58.22,58.50,58.72,59.18,59.26,59.13,59.13,58.88,59.17,59.23,59.51,59.52,59.29,58.91,58.18,58.31,58.23,58.11
2021-8-20 1:6:9,58.22,58.07,58.26,58.09,58.29,58.01,57.79,58.33,58.25,58.70,58.87,58.07,58.29,58.45,58.22,58.56,58.48,58.50,58.47,58.45
2021-8-20 1:6:10,58.33,58.23,57.87,58.01,57.91,57.90,58.13,57.56,57.52,57.14,56.96,57.25,57.48,57.74,57.58,57.64,57.46,57.01,57.10,56.93,57.78
2021-8-20 1:6:11,57.65,57.48,57.49,57.00,57.91,58.04,58.29,58.00,57.25,57.53,57.43,57.44,57.79,57.80,57.90,57.93,57.61,57.85,58.12,58.17
2021-8-20 1:6:12,58.05,57.80,57.59,57.58,57.77,57.60,57.28,56.88,57.09,57.32,57.56,57.77,57.29,57.21,57.07,57.07,57.42,57.36,57.51,57.59,57.45
2021-8-20 1:6:13,57.31,57.36,57.53,57.56,57.84,57.58,57.77,58.00,58.30,58.80,58.76,58.90,58.47,57.81,57.28,57.24,56.83,56.96,57.11,56.74
2021-8-20 1:6:14,57.53,57.84,57.62,57.57,57.05,57.07,57.94,58.32,58.24,57.81,57.55,57.50,58.06,58.06,57.34,57.45,57.16,57.56,57.83,57.34
2021-8-20 1:6:15,57.08,56.92,57.22,57.85,58.43,58.46,58.01,57.31,57.32,57.69,57.87,58.34,57.85,57.85,57.99,58.16,58.47,58.28,58.43,58.85
2021-8-20 1:6:16,59.09,58.55,58.35,57.71,57.52,58.16,58.21,58.56,58.75,59.28,59.61,59.78,60.08,60.42,61.20,61.43,61.64,61.32,61.15,61.60
2021-8-20 1:6:17,61.86,62.26,62.69,63.10,63.76,63.87,64.21,64.05,64.23,64.54,64.73,64.90,64.65,64.45,64.02,63.38,62.78,62.46,62.14,62.31
2021-8-20 1:6:18,62.39,62.67,62.65,62.84,62.90,63.20,62.70,62.21,61.72,61.30,61.09,60.86,60.69,59.87,60.35,60.51,60.28,60.28,59.61,59.37
2021-8-20 1:6:19,59.23,59.39,59.37,59.11,59.70,59.30,59.76,59.81,59.31,59.36,58.72,59.12,59.20,59.32,60.27,60.03,60.47,60.40,59.79,59.80
2021-8-20 1:6:20,59.81,59.47,59.28,58.99,59.23,59.88,60.69,61.33,61.73,62.92,64.14,66.46,68.61,70.35,71.37,71.07,69.57,67.20,64.70,62.33
2021-8-20 1:6:21,60.44,59.59,59.96,60.00,60.19,60.49,59.30,59.50,59.54,59.75,61.01,61.59,62.69,62.78,62.22,61.60,60.48,60.24,59.96,60.39,60.32
2021-8-20 1:6:22,60.15,60.61,59.82,60.09,59.54,59.41,59.36,58.99,59.13,58.71,58.35,58.36,59.31,58.86,58.54,58.52,57.36,57.44,57.89,58.35
2021-8-20 1:6:23,58.33,58.55,58.58,58.17,58.20,58.16,58.73,58.43,58.78,58.69,58.74,58.97,58.91,59.16,58.35,58.03,58.13,58.80,59.15,59.35
2021-8-20 1:6:24,59.66,58.72,58.24,58.01,58.33,58.68,58.70,59.25,58.66,58.42,58.83,59.02,58.75,59.04,59.48,59.08,59.11,59.25,59.51,59.51
2021-8-20 1:6:25,60.02,59.94,59.87,59.86,59.83,60.12,59.83,60.10,59.51,59.03,58.94,58.38,59.20,59.69,59.45,59.87,59.46,59.29,59.18,59.85
2021-8-20 1:6:26,59.05,58.52,58.66,58.03,58.33,58.80,59.55,58.96,58.95,58.57,58.22,58.26,58.30,58.32,57.53,57.80,58.93,58.96
2021-8-20 1:6:27,59.36,59.45,58.69,58.35,57.71,58.28,58.30,58.67,59.28,58.24,58.25,58.07,58.65,58.86,58.97,59.20,58.37,58.44,57.88,58.67
2021-8-20 1:6:28,58.59,58.57,58.78,57.90,57.75,57.91,58.46,58.17,58.93,58.68,58.90,59.27,58.98,59.26,58.11,57.40,57.33,57.98,58.19,58.63
2021-8-20 1:6:29,59.17,58.28,58.15,58.12,58.26,58.52,58.89,59.01,58.22,58.02,58.02,58.86,59.08,59.09,59.34,59.30,58.66,59.06,59.13,58.14
2021-8-20 1:6:30,58.25,58.22,58.28,58.61,59.33,59.43,59.00,58.57,58.46,59.13,59.00,59.16,58.94,57.68,57.96,58.11,58.25,58.10,57.99,58.09
2021-8-20 1:6:31,58.64,58.79,58.21,57.90,57.99,58.35,59.08,59.74,59.12,59.13,59.35,59.50,59.35,59.20,59.50,59.11,59.34,59.37,59.37,59.19
2021-8-20 1:6:32,58.68,58.87,58.95,58.97,59.27,59.25,58.66,58.75,58.77,58.91,58.99,58.95,59.23,59.84,59.76,59.93,59.97,59.29,59.52,59.49,59.39
2021-8-20 1:6:33,59.67,59.30,59.08,59.56,58.98,59.06,58.80,58.79,58.79,58.94,59.01,59.14,59.41,59.27,59.50,59.00,58.39,57.99,58.48,58.32
2021-8-20 1:6:34,58.44,58.70,58.89,58.29,58.55,58.92,59.14,59.23,59.12,59.05,57.91,58.16,58.19,58.54,58.38,57.85,57.88,57.39,57.76,58.45
2021-8-20 1:6:35,58.72,58.37,58.05,58.43,58.72,58.64,58.91,58.67,57.82,57.76,57.88,58.29,58.56,59.03,58.71,58.75,59.20,59.01,59.08,58.15,57.38
2021-8-20 1:6:36,57.11,57.50,57.79,57.90,57.93,58.03,58.03,57.73,57.86,58.09,57.89,58.49,58.93,58.01,57.98,58.07,58.31,57.82,58.02,58.32
2021-8-20 1:6:37,57.29,57.82,57.72,57.51,57.84,57.96,58.34,57.97,57.92,57.81,58.36,58.51,58.58,58.62,58.15,58.03,58.20,58.72,58.25,58.03
2021-8-20 1:6:38,58.24,58.63,58.98,59.31,59.05,58.64,57.97,57.88,57.99,57.48,58.01,57.78,58.04,58.60,58.72,58.62,58.77,58.71,58.51,58.74,57.96
2021-8-20 1:6:39,57.71,57.63,58.39,58.77,58.96,59.65,59.07,58.94,58.98,58.79,58.50,58.45,58.66,59.10,59.19,59.55,60.06,59.13,58.82,58.71
2021-8-20 1:6:40,57.71,57.72,58.00,58.27,58.41,58.89,60.04,60.42,60.11,59.75,59.11,58.14,58.10,57.90,58.32,58.50,58.69,59.02,57.97,58.24,58.16
2021-8-20 1:6:41,58.77,59.23,58.95,59.35,59.43,58.80,59.38,60.32,60.82,61.27,60.64,59.47,57.74,58.19,59.38,61.14,61.86,61.37,60.40,58.45
2021-8-20 1:6:42,57.97,58.91,59.29,60.30,60.05,59.43,59.69,58.72,59.59,60.13,59.69,59.56,58.82,58.56,58.34,60.12,61.32,62.12,61.83,60.09
2021-8-20 1:6:43,59.08,58.35,58.31,59.12,59.62,59.49,60.06,60.10,60.27,59.82,59.20,58.80,59.49,61.17,62.74,63.63,62.61,61.54,60.95,61.38,61.48
2021-8-20 1:6:44,61.92,61.86,60.94,61.29,61.01,61.24,61.30,61.25,60.78,60.62,60.77,62.16,64.28,64.88,64.96,64.05,62.51,62.86,63.41,64.11
2021-8-20 1:6:45,65.25,65.00,65.56,65.35,64.72,65.05,66.12,67.09,68.44,69.06,68.00,67.54,66.21,66.90,67.61,68.19,68.93,67.16,65.82,64.52,64.13
2021-8-20 1:6:46,65.37,66.71,68.41,67.80,66.29,64.94,62.69,63.35,64.29,64.60,65.13,64.90,64.41,64.28,64.42,65.17,65.33,65.55,65.32,63.34
2021-8-20 1:6:47,62.57,61.64,62.00,63.07,64.32,64.30,63.00,61.98,60.99,60.10,62.01,62.37,61.96,63.26,61.11,60.98,60.07,59.84,59.62,59.09
2021-8-20 1:6:48,59.64,58.69,59.15,59.12,58.27,58.80,59.65,60.34,60.94,60.54,59.41,58.42,58.58,58.84,58.62,58.65,57.63,58.27,58.20,58.16
2021-8-20 1:6:49,59.34,58.17,57.85,57.97,58.23,58.02,58.58,58.86,59.05,59.05,58.86,58.84,57.96,57.65,57.46,57.94,57.45,58.53,58.54,58.83
2021-8-20 1:6:50,59.55,59.06,59.29,58.98,58.41,58.81,58.85,58.95,59.03,58.57,59.41,58.35,58.73,58.86,58.88,59.39,59.17,59.21,59.31,59.22
2021-8-20 1:6:51,59.30,59.13,58.86,58.89,59.01,59.11,58.49,58.24,58.04,58.38,58.35,58.70,58.79,59.52,59.34,59.46,60.14,59.16,59.27,58.71
2021-8-20 1:6:52,58.17,58.24,58.03,58.32,59.27,59.60,59.67,59.84,59.43,59.02,59.25,59.63,58.74,58.84,58.99,58.73,58.74,58.67,59.16,59.29
2021-8-20 1:6:53,59.93,59.98,59.86,59.47,59.10,59.73,59.22,59.45,59.36,59.24,59.32,58.81,58.54,58.16,57.63,57.84,58.75,58.18,58.68,59.08
2021-8-20 1:6:54,58.84,59.09,58.65,59.36,59.01,58.77,59.83,58.65,58.87,59.71,59.00,59.08,58.85,59.21,59.24,59.44,59.88,59.85,59.65,59.73,59.64
2021-8-20 1:6:55,59.60,59.69,59.49,59.37,58.69,59.06,59.13,59.93,59.94,59.59,59.95,59.04,59.53,59.93,60.38,60.64,60.38,60.09,59.74,59.76
2021-8-20 1:6:56,59.83,60.29,60.11,60.31,60.05,60.39,60.24,59.96,60.07,59.65,59.86,59.76,60.35,60.21,60.51,60.70,60.33,60.07,59.54,59.77
2021-8-20 1:6:57,59.36,59.20,58.95,59.15,58.99,59.39,59.69,58.53,58.74,58.45,59.27,59.67,59.54,59.57,59.26,59.50,60.13,60.78,60.46,60.76
2021-8-20 1:6:58,60.22,60.47,60.64,60.45,61.06,60.61,60.56,61.05,61.42,61.68,61.86,61.66,61.63,61.17,60.88,61.29,60.83,61.26,61.90,61.73
2021-8-20 1:6:59,62.05,62.04,62.24,61.95,61.66,61.91,61.35,61.32,61.51,61.81,61.48,61.25,61.21,59.89,59.33,59.59,58.72,59.26,59.43,58.63
2021-8-20 1:7:0,58.53,58.72,59.40,59.24,59.39,58.95,58.24,58.49,58.45,59.15,59.05,59.42,59.70,59.06,59.17,59.01,59.47,59.55,59.59,60.26
2021-8-20 1:7:1,60.11,59.64,59.96,59.07,58.69,58.72,58.98,58.83,59.14,59.56,59.43,59.41,58.94,59.28,58.55,58.80,58.95,58.71,58.66,58.59
2021-8-20 1:7:2,58.39,57.97,57.95,58.05,58.42,57.97,58.30,58.47,58.17,58.69,59.73,59.25,59.34,59.56,58.27,58.13,58.03,58.54,58.53,58.60
2021-8-20 1:7:3,59.06,58.52,58.85,59.05,59.14,58.59,58.29,58.26,58.23,58.36,58.21,58.13,57.61,57.69,58.42,58.59,58.50,58.68,58.18,58.78,58.54
2021-8-20 1:7:4,58.41,58.37,58.08,58.31,58.52,58.72,58.25,58.18,58.04,58.09,58.14,58.07,58.27,57.99,58.04,58.10,58.57,58.28,57.92,58.24
2021-8-20 1:7:5,57.70,57.80,57.75,57.89,57.46,57.74,58.13,58.65,58.74,58.21,58.69,57.86,57.46,57.96,57.98,57.92,58.42,58.92,58.34,58.67,59.11
2021-8-20 1:7:6,58.08,58.31,58.12,58.42,58.81,58.67,58.66,57.78,57.64,57.70,58.22,58.15,58.67,59.21,58.63,58.75,58.60,58.32,58.09,58.09,58.87
2021-8-20 1:7:7,58.37,58.35,59.25,58.29,57.87,58.02,57.74,58.40,59.65,61.88,62.78,64.28,65.52,65.30,65.86,66.06,66.32,66.30,66.19,65.95
2021-8-20 1:7:8,66.12,66.68,67.21,67.62,67.60,67.32,66.78,66.67,66.70,67.22,67.94,67.63,67.44,66.97,66.29,66.55,66.86,67.31,67.97,67.61
2021-8-20 1:7:9,67.13,66.49,66.08,66.69,67.13,66.95,66.84,66.18,66.22,67.05,67.12,67.10,66.93,66.25,66.25,66.27,65.81,65.57,65.49,65.26,65.47
2021-8-20 1:7:11,65.38,64.85,64.52,64.06,63.90,63.72,63.23,62.81,62.35,61.89,62.55,62.44,63.05,63.84,63.77,64.04,63.75,63.28,63.42,63.40
2021-8-20 1:7:12,63.64,63.81,63.45,63.15,63.25,63.86,64.19,65.26,65.45,65.05,65.07,64.94,65.12,65.28,65.50,65.79,65.39,65.39,65.00,64.52,64.63
2021-8-20 1:7:13,64.85,64.95,64.79,64.55,64.08,64.31,64.46,64.48,64.48,63.94,63.96,64.22,64.31,64.46,64.29,63.86,63.80,64.09,63.97,63.99
2021-8-20 1:7:14,63.91,63.38,63.66,63.67,63.91,64.52,64.32,64.22,63.60,63.82,63.97,63.83,63.96,63.56,63.44,63.96,64.03,63.95,64.06,63.85
2021-8-20 1:7:15,63.98,63.74,63.54,63.77,63.85,64.17,64.03,64.05,64.64,64.70,65.01,64.67,64.48,64.18,63.92,63.93,63.16,63.16,63.03,62.66
2021-8-20 1:7:16,62.96,62.77,63.02,63.41,63.49,63.69,63.52,63.29,63.24,62.89,63.23,63.20,63.34,63.84,63.33,63.79,63.43,63.61,64.12,64.31,64.33
2021-8-20 1:7:17,64.63,64.72,64.48,64.50,64.50,64.68,65.04,65.80,66.59,68.21,70.01,72.46,72.36,71.27,70.61,68.61,67.96,68.80,68.12,67.52
2021-8-20 1:7:18,67.83,66.86,67.49,68.20,68.97,70.57,70.96,70.99,71.06,69.57,68.82,68.61,68.37,68.76,69.41,70.32,70.31,70.34,69.86,69.77
2021-8-20 1:7:19,70.30,70.94,71.53,71.46,71.25,70.55,69.93,69.20,69.12,68.72,68.63,69.12,68.51,68.67,68.71,68.26,68.19,67.98,67.65,68.07
2021-8-20 1:7:20,68.23,68.65,69.20,69.26,69.66,70.06,70.16,70.04,70.00,69.68,69.89,70.69,71.06,71.54,71.51,70.87,71.14,70.97,70.69,70.81
2021-8-20 1:7:21,70.60,70.83,70.94,71.50,71.44,70.77,70.33,69.52,68.55,68.32,68.10,67.60,67.50,67.70,67.82,67.69,67.77,67.13,66.95,66.88,66.82
2021-8-20 1:7:22,67.40,67.16,67.39,67.10,66.39,66.61,66.57,67.00,67.36,67.34,67.37,67.04,67.06,67.09,66.90,66.53,66.11,65.48,64.82,64.66
2021-8-20 1:7:23,64.25,64.14,64.59,64.22,63.93,63.72,63.14,63.50,63.11,62.86,62.51,61.98,62.37,62.34,62.20,62.17,61.78,61.29,61.54,61.28
2021-8-20 1:7:24,60.76,60.79,60.01,60.14,60.28,60.37,60.78,60.50,60.47,60.81,60.72,60.87,61.31,60.61,60.78,60.56,60.20,60.19,59.99,59.85
2021-8-20 1:7:25,59.65,59.46,59.13,59.40,59.11,59.04,58.79,58.34,58.94,59.22,60.23,60.68,60.55,60.23,59.46,59.14,59.04,59.31,59.00,58.82
2021-8-20 1:7:26,58.39,58.19,58.31,57.99,58.09,58.18,58.28,58.79,58.98,58.44,58.67,58.29,58.22,58.25,58.15,58.38,58.28,58.59,58.55,58.40
2021-8-20 1:7:27,57.95,57.85,57.73,57.54,58.11,57.89,57.50,57.34,57.08,57.88,58.17,58.77,59.07,58.26,57.88,57.66,57.95,57.84,58.56,58.87
2021-8-20 1:7:28,58.17,58.67,58.27,58.13,58.23,57.96,58.42,58.07,58.28,58.44,57.96,57.81,57.95,57.94,57.95,58.17,57.75,57.63,57.34,57.66
2021-8-20 1:7:29,57.61,57.54,57.69,57.29,57.69,57.57,57.64,57.65,57.37,57.68,57.75,57.78,57.96,57.55,57.29,57.20,57.36,57.86,58.08,58.46
2021-8-20 1:7:30,58.20,58.09,58.08,58.25,58.41,58.31,58.77,58.71,58.78,58.83,58.61,58.44,58.56,58.62,58.76,58.60,58.38,58.28,57.92,58.14
2021-8-20 1:7:31,58.19,58.50,58.77,58.41,58.15,57.39,57.17,56.82,56.91,57.39,56.95,57.27,56.73,56.16,56.10,56.04,55.78,56.02,56.04,55.64
2021-8-20 1:7:32,56.01,56.25,56.24,56.58,56.68,56.82,57.19,57.46,57.56,57.13,56.28,56.16,55.83,55.76,56.37,55.98,56.10,55.78,55.35,55.53,55.31
2021-8-20 1:7:33,55.80,55.66,55.54,55.38,55.21,55.60,55.35,55.56,55.91,55.97,56.47,56.33,56.50,56.88,57.07,57.13,56.44,56.56,56.52,57.02
2021-8-20 1:7:34,57.40,57.39,56.86,56.78,56.85,56.44,56.75,56.79,56.92,57.45,57.53,57.09,56.99,56.81,56.93,57.45,57.54,57.58,57.40,57.30
2021-8-20 1:7:35,57.05,56.70,56.43,56.25,56.32,56.23,56.09,56.44,56.46,56.35,56.78,56.52,56.73,56.87,57.36,57.47,57.65,58.32,58.13,58.64
2021-8-20 1:7:36,58.87,58.47,59.01,59.14,59.62,60.50,60.50,61.02,61.25,61.27,61.62,61.82,62.01,62.59,62.87,63.41,63.86,64.49,65.01,64.89
2021-8-20 1:7:37,65.30,65.32,65.81,66.21,66.74,67.17,67.36,67.75,68.01,68.37,68.92,69.49,69.19,69.25,68.57,67.43,66.40,65.46,65.53,65.97
2021-8-20 1:7:38,66.62,66.64,66.53,66.76,66.84,67.11,66.96,67.53,66.99,67.03,66.87,66.00,66.28,66.21,66.79,67.13,67.17,67.04,66.65,66.29
2021-8-20 1:7:39,66.36,66.62,66.45,66.09,66.01,65.58,65.53,66.17,65.54,65.54,64.77,63.73,64.07,64.04,64.65,64.72,64.68,64.67,65.25,65.84
2021-8-20 1:7:40,66.63,67.00,66.23,65.42,64.71,63.86,64.81,65.78,65.98,66.67,65.83,65.91,66.01,66.35,66.51,66.16,65.98,65.73,65.32,64.80
2021-8-20 1:7:41,64.81,64.56,65.17,65.04,64.85,64.91,64.39,64.45,64.13,63.66,62.97,62.15,62.69,62.91,63.11,64.96,64.85,64.16,64.63,64.02
2021-8-20 1:7:42,63.95,64.86,64.98,64.45,64.14,63.82,63.46,63.39,64.10,63.82,64.60,64.73,64.26,63.97,63.32,63.58,63.21,63.31,63.64,63.85,63.45
2021-8-20 1:7:43,63.64,63.54,62.76,63.70,64.18,63.59,64.74,64.80,64.55,65.57,65.26,65.11,65.30,64.19,64.00,63.99
2021-8-20 1:7:44,64.25,64.86,65.35,65.29,65.34,65.71,65.30,65.21,64.96,64.76,64.91,64.84,64.35,64.51,64.90,64.90,64.98,64.99,64.25,64.06
2021-8-20 1:7:45,63.87,63.00,62.68,62.47,61.77,62.27,62.36,62.81,63.16,62.84,62.43,62.61,62.90,62.89,62.94,62.57,62.89,62.75,62.77,62.56
2021-8-20 1:7:46,62.81,63.01,63.22,62.69,61.69,61.50,61.36,61.62,61.96,61.80,61.88,62.06,61.58,61.45,61.06,60.85,60.90,61.18,61.53,61.63,61.69
2021-8-20 1:7:47,61.50,61.46,61.15,60.82,60.67,61.02,60.89,61.44,61.82,61.12,61.76,62.13,61.74,61.94,62.51,61.92,61.70,61.52,60.96,61.20
2021-8-20 1:7:48,61.10,61.19,61.42,61.54,62.27,62.84,62.33,62.26,62.02,61.80,61.49,61.39,61.15,61.08,61.37,61.78,62.40,62.83,62.62,62.36
2021-8-20 1:7:49,62.77,62.65,62.90,62.90,62.34,62.58,62.60,62.67,62.82,62.02,61.99,61.69,61.12,61.10,61.43,61.64,62.31,62.46,62.28,62.06
2021-8-20 1:7:50,61.82,62.02,61.47,61.62,61.23,60.82,60.96,61.06,60.45,60.28,60.24,59.99,60.93,61.25,61.28,61.32,61.02,60.57,60.94,60.56
2021-8-20 1:7:51,60.35,60.42,59.88,59.64,60.09,60.38,60.61,61.10,60.93,60.49,60.51,60.12,60.30,60.66,60.95,61.15,60.57,60.29,59.83,60.27
2021-8-20 1:7:52,60.29,60.75,60.73,60.36,60.49,60.42,60.09,60.36,60.47,60.45,61.05,60.87,61.33,61.29,61.56,62.35,62.06,61.84,61.46,61.44
2021-8-20 1:7:53,61.26,60.56,59.99,59.26,59.11,60.08,60.22,60.30,60.23,59.99,60.64,60.36,60.76,60.46,59.26,58.71,58.55,58.21,58.86,59.15
2021-8-20 1:7:54,59.12,58.95,58.56,58.28,57.61,58.12,58.47,59.15,59.09,59.00,58.77,58.23,58.37,58.35,57.99,57.94,57.93,57.86,58.19,58.38,58.08
2021-8-20 1:7:55,58.15,57.77,57.58,58.20,58.27,58.07,57.84,57.89,57.50,58.39,58.83,58.55,58.90,58.55,58.63,59.15,58.86,59.19,59.18,58.80
2021-8-20 1:7:56,59.52,59.13,58.89,59.03,58.95,59.21,59.75,59.30,58.83,58.40,58.12,57.99,58.09,58.07,57.87,57.82,57.79,58.61,58.90,58.99
2021-8-20 1:7:57,58.88,58.71,58.55,58.13,57.89,57.51,57.48,58.17,58.72,58.71,58.36,58.15,58.13,58.38,58.94,59.70,59.73,59.37,59.57,58.69
2021-8-20 1:7:58,57.95,58.21,57.79,58.10,58.59,58.37,58.41,58.09,58.09,57.89,57.21,57.73,57.97,58.28,58.67,58.42,58.40,58.50,58.68,58.50
2021-8-20 1:7:59,58.04,57.96,57.82,58.17,58.24,58.56,58.70,58.72,59.02,58.79,59.20,59.25,59.35,58.88,58.33,58.42,58.15,58.33,58.50,58.27
2021-8-20 1:8:0,58.27,58.26,57.98,57.81,57.83,57.81,58.28,58.97,59.04,59.27,59.28,58.48,58.43,58.07,57.91,57.89,57.75,58.38,58.51,58.76
2021-8-20 1:8:1,58.92,58.81,58.79,58.57,58.69,58.25,58.59,58.95,58.62,58.93,58.36,58.41,58.68,58.44,58.53,58.27,58.38,58.63,58.90,58.96
2021-8-20 1:8:2,58.77,58.66,58.07,58.08,57.73,57.45,57.81,57.92,58.18,58.72,58.77,58.67,58.94,58.74,58.86,58.71,58.83,59.16,59.75,60.50
2021-8-20 1:8:3,61.00,61.39,61.82,62.09,62.21,62.73,62.91,63.03,63.26,63.29,63.48,63.73,63.88,64.01,63.96,64.16,64.66,65.15,64.82,64.85
2021-8-20 1:8:4,65.02,64.50,64.36,63.82,63.01,62.61,62.34,62.29,61.71,61.91,62.02,61.95,61.79,61.49,61.49,61.72,62.04,62.31,62.28,61.53
2021-8-20 1:8:5,62.25,62.12,61.76,61.81,61.43,61.67,61.99,62.22,62.32,62.04,62.16,62.55,62.81,62.94,63.01,63.05,62.64,62.65,62.53,62.39,62.58
2021-8-20 1:8:6,62.13,62.05,62.24,62.13,62.84,63.21,63.76,63.87,63.35,63.11,62.84,62.86,63.54,63.79,63.74,63.97,63.99,64.32,64.60,64.27
2021-8-20 1:8:7,64.22,64.18,63.97,64.26,64.39,64.63,65.06,65.93,66.26,66.32,66.17,65.46,65.51,66.17,66.29,66.87,67.37,67.36,67.31,67.77
2021-8-20 1:8:8,67.79,67.95,68.42,68.37,68.66,68.33,68.69,69.15,68.76,69.19,69.32,69.29,69.54,69.94,70.28,70.37,70.78,70.41,69.95,69.65
2021-8-20 1:8:9,69.55,69.59,69.91,69.59,69.09,68.42,68.01,67.78,66.77,66.09,65.55,64.79,64.55,64.57,63.91,63.93,63.61,63.40,63.02,62.55,62.90
2021-8-20 1:8:10,62.31,62.36,62.04,61.91,61.79,61.46,61.57,61.21,61.30,61.45,61.03,61.00,60.97,60.68,60.92,61.06,61.17,61.64,61.38,61.19,61.73
2021-8-20 1:8:11,61.26,60.93,60.69,59.82,59.42,59.64,59.50,59.14,59.59,59.62,60.17,60.69,60.34,60.84,60.41,60.28,60.37,60.33,60.33,60.79
2021-8-20 1:8:12,60.87,60.64,61.01,60.91,61.22,61.17,61.22,60.81,61.24,61.56,60.95,61.17,60.77,60.81,61.24,61.63,61.71,61.70,61.68,61.34
2021-8-20 1:8:13,61.48,61.40,62.05,62.05,61.70,62.17,61.77,61.56,62.29,62.10,62.48,63.35,63.64,64.35,64.57,65.28,65.38,65.36,65.68,65.48
2021-8-20 1:8:14,65.98,66.53,67.28,67.90,68.30,68.52,67.99,68.11,68.74,68.74,69.08,69.43,68.88,69.00,70.14,70.17,70.59,71.06,71.43,71.87
2021-8-20 1:8:15,72.02,72.85,72.73,72.82,73.54,73.58,73.92,74.40,74.03,73.82,73.91,73.78,73.96,74.21,74.49,74.69,74.76,75.02,74.42,73.44,73.20
2021-8-20 1:8:16,72.78,72.66,73.49,73.65,73.63,73.99,74.28,74.46,75.11,75.30,75.23,76.03,76.32,76.29,76.95,76.17,76.03,75.98,75.47,75.77
2021-8-20 1:8:17,75.61,75.60,74.98,75.21,75.25,74.77,75.79,75.80,75.60,76.74,76.34,76.35,75.80,75.14,75.07,74.55,74.56,74.51,73.69,72.83
2021-8-20 1:8:18,72.69,71.65,71.71,72.34,71.79,71.42,70.64,70.02,70.14,70.32,70.61,71.03,71.05,71.56,71.96,71.40,71.43,71.36,70.98,71.32
2021-8-20 1:8:19,71.68,71.21,71.57,71.08,70.60,70.33,69.35,69.02,67.79,67.19,66.60,65.52,65.38,65.05,65.13,65.64,65.21,65.07,64.86,64.22
2021-8-20 1:8:20,64.54,64.54,64.53,64.67,64.67,64.18,63.71,62.75,62.07,62.45,62.38,63.05,63.07,62.71,63.74,64.64,65.06,65.39,64.24,63.43,63.53
2021-8-20 1:8:21,63.47,63.83,63.67,64.08,64.39,64.49,65.01,64.84,64.72,64.73,64.27,64.07,64.73,65.05,65.42,66.19,65.40,65.83,66.09,65.68
2021-8-20 1:8:22,66.34,66.33,66.83,67.24,68.21,68.47,68.60,68.64,67.83,67.67,68.04,68.53,68.98,68.89,68.28,68.01,68.14,69.11,69.67,70.13
2021-8-20 1:8:23,70.64,69.88,69.68,69.23,68.41,69.26,68.83,69.30,68.61,68.07,67.90,66.93,67.79,67.46,67.61,67.85,67.69,67.30,67.27,66.86
2021-8-20 1:8:24,66.36,66.41,66.18,66.12,66.35,66.03,66.20,66.99,66.54,67.06,67.12,66.83,66.87,66.83,66.93,67.14,67.57,68.33,68.72,69.15
2021-8-20 1:8:25,69.43,68.98,69.19,69.17,69.73,69.93,70.48,71.14,71.28,71.99,71.77,71.23,71.45,71.05,70.92,70.93,70.14,70.03,69.84,69.33,68.98
2021-8-20 1:8:26,68.57,67.75,67.30,67.37,67.29,68.34,68.95,69.17,69.63,68.90,69.09,69.07,68.58,68.90,68.85,69.11,69.22,69.66,69.60,69.60
2021-8-20 1:8:27,70.15,70.03,70.19,70.36,70.19,70.07,69.74,68.99,68.80,68.17,68.06,68.47,68.28,68.45,68.71,67.74,66.94,66.36,65.55,65.35
2021-8-20 1:8:28,65.55,65.73,65.23,64.98,64.65,64.16,64.20,64.18,63.87,63.32,63.37,63.28,63.06,63.07,62.42,62.04,61.84,61.42,61.14,61.32
2021-8-20 1:8:29,60.90,60.62,60.60,60.33,61.01,61.51,61.32,61.20,60.31,59.98,60.40,60.45,60.35,60.31,60.37,60.51,61.18,61.07,60.99,61.17
2021-8-20 1:8:30,60.70,60.73,60.52,60.44,60.76,61.18,61.18,60.69,60.77,60.60,60.93,61.07,60.95,60.77,60.15,59.99,59.82,59.65,60.18,60.08
2021-8-20 1:8:31,59.74,59.79,59.46,59.20,59.81,60.34,60.19,60.29,59.76,59.61,59.67,59.98,60.34,60.27,60.60,60.75,60.62,60.07,59.58,59.46,59.54
2021-8-20 1:8:32,60.27,60.65,60.65,60.52,60.59,60.34,60.72,60.76,60.34,60.69,60.17,60.62,60.74,60.93,61.69,61.35,61.36,60.85,60.08,60.08
2021-8-20 1:8:33,60.14,60.22,60.57,60.49,60.68,60.91,60.59,60.40,59.56,59.46,59.51,59.46,59.75,59.68,59.72,60.21,60.28,60.35,60.52,60.46
2021-8-20 1:8:34,60.36,60.30,60.01,59.84,60.30,60.46,60.68,60.65,60.18,60.45,60.23,60.30,60.09,59.63,59.49,59.06,59.96
2021-8-20 1:8:35,59.68,60.02,60.41,59.97,60.34,60.87,60.78,60.33,60.08,59.42,59.40,59.65,59.33,59.27,59.52,59.84,59.90,59.92,60.23,59.45
2021-8-20 1:8:36,59.67,60.01,59.00,59.77,60.02,59.81,59.89,59.59,59.08,59.57,60.11,60.08,60.47,59.73,59.81,59.71,59.69,59.35,59.10,59.11
2021-8-20 1:8:37,58.68,59.41,59.15,59.34,59.79,59.93,60.02,60.03,60.39,59.87,59.86,59.75,59.00,58.76,58.88,59.00,59.28,59.68,59.79,59.56
2021-8-20 1:8:38,59.45,59.45,59.48,59.33,59.27,59.48,59.33,59.64,59.87,59.75,59.79,59.51,59.77,59.71,59.84,59.92,60.08,59.82,60.02,60.64
2021-8-20 1:8:39,60.82,61.31,60.89,60.88,60.73,60.52,60.74,60.84,60.90,61.13,61.80,62.02,62.05,62.28,62.23,62.14,61.99,62.00,61.96,61.27
2021-8-20 1:8:40,60.88,61.01,60.66,61.03,61.35,61.00,61.12,61.67,61.69,61.92,62.07,61.44,61.32,61.14,60.85,61.42,61.36,61.60,61.64,61.39
2021-8-20 1:8:41,61.82,61.58,61.97,61.71,61.68,62.30,62.10,62.85,63.18,63.56,63.95,63.37,63.09,62.54,62.05,61.67,61.57,61.48,61.45,61.66,61.35
2021-8-20 1:8:42,60.99,60.68,60.32,60.48,60.41,60.46,60.75,60.65,60.57,60.71,60.89,60.55,60.51,60.29,59.75,60.45,60.46,60.27,60.36,59.94,59.88
2021-8-20 1:8:43,60.02,60.23,59.74,59.58,59.89,59.77,59.82,59.37,58.98,59.01,58.90,59.71,58.91,58.64,59.06,58.45,58.90,59.28,58.57,58.94
2021-8-20 1:8:44,58.67,58.46,58.75,58.54,59.04,58.47,58.24,58.49,58.71,58.89,59.09,58.66,58.69,58.79,58.96,59.03,58.62,59.31,59.19,59.20
2021-8-20 1:8:45,59.43,59.10,59.26,59.17,59.64,59.30,59.10,58.94,58.17,57.95,57.99,58.16,58.05,58.73,58.77,58.88,59.08,58.57,58.49,58.38,58.24
2021-8-20 1:8:46,58.51,58.71,58.76,59.07,58.71,58.62,58.54,58.25,58.48,58.33,58.28,58.63,58.71,58.55,58.75,58.53,58.60,58.93,59.01,59.24
2021-8-20 1:8:47,59.50,59.63,59.63,59.11,58.60,58.64,58.73,59.11,59.22,59.04,58.65,58.93,59.15,59.11,59.09,59.00,58.85,58.87,59.44,59.31
2021-8-20 1:8:48,59.01,59.49,59.55,59.64,59.80,59.55,59.28,59.23,59.26,58.88,58.77,58.71,58.90,59.18,59.01,59.05,58.84,59.06,59.28,58.96
2021-8-20 1:8:49,58.66,58.61,58.48,58.64,58.85,58.29,58.55,58.71,58.85,59.01,58.89,58.92,59.00,59.02,59.27,59.34,59.20,59.33,58.91,58.67
2021-8-20 1:8:50,58.70,59.23,59.38,59.71,60.04,60.54,60.21,60.28,60.18,59.01,59.33,59.20,58.89,58.94,58.76,58.88,59.58,59.76,60.34,60.32
2021-8-20 1:8:51,59.72,59.58,59.37,59.27,59.37,59.92,59.90,60.10,60.38,60.11,59.92,59.75,60.19,60.02,60.17,60.20,59.26,59.15,59.25,59.18
2021-8-20 1:8:52,59.12,59.63,59.62,59.72,60.20,59.74,59.47,59.66,59.90,60.26,61.02,60.49,59.77,59.96,59.44,59.56,59.93,59.67,59.44,59.35
2021-8-20 1:8:53,59.68,59.28,59.32,59.30,59.05,59.39,59.27,59.60,60.08,59.95,60.41,60.66,60.35,60.65,61.14,61.04,60.79,60.84,60.65,60.81,60.85
2021-8-20 1:8:55,61.15,61.92,61.78,61.90,62.15,60.85,60.78,60.86,60.38,60.74,60.83,60.93,60.61,60.52,60.59,61.80,61.81,62.12,62.63,61.44
2021-8-20 1:8:56,61.91,62.03,61.47,60.93,60.34,59.81,59.80,59.80,60.24,61.54,61.31,61.53,61.67,60.28,60.38,61.08,60.84,60.62,60.99,61.14
2021-8-20 1:8:57,61.06,61.06,60.83,61.08,60.71,61.30,62.00,61.06,61.50,61.79,61.33,61.48,61.49,61.46,61.20,61.22,61.44,62.52,62.87,62.89,63.43
2021-8-20 1:8:58,62.09,62.07,62.61,61.82,61.79,61.55,61.07,61.73,61.50,61.83,62.44,61.96,62.41,62.74,62.05,62.44,62.34,61.92,61.81,60.86
2021-8-20 1:8:59,60.80,60.54,60.45,60.60,61.31,61.72,61.69,62.10,61.52,61.76,61.63,61.37,61.80,60.88,61.19,61.63,61.14,60.77,61.39,61.44
2021-8-20 1:9:0,61.20,61.67,61.34,62.02,61.75,61.56,61.83,60.73,60.59,60.71,60.60,60.52,60.55,60.87,60.84,61.83,61.98
2021-8-20 1:9:1,61.57,62.54,62.10,62.02,61.90,60.37,60.24,60.25,60.44,61.16,60.59,60.88,60.68,60.12,60.45,60.20,60.89,61.30,60.95,61.38
2021-8-20 1:9:2,61.90,61.93,62.38,62.24,61.42,61.43,60.88,61.08,61.56,61.44,61.88,62.33,62.57,62.04,62.20,62.02,62.04,62.26,62.51,63.47
2021-8-20 1:9:3,62.87,62.89,63.09,61.60,61.48,61.77,61.92,62.31,62.44,62.61,62.96,62.88,62.85,63.48,63.14,62.90,62.77,61.93,62.20,62.56
2021-8-20 1:9:4,63.09,64.26,64.05,64.06,64.77,63.20,62.36,62.51,61.65,62.38,62.32,62.35,63.50,63.20,63.56,64.26,63.09,63.33,64.02,63.42
2021-8-20 1:9:5,63.71,62.87,62.32,62.99,62.82,63.09,64.06,62.84,62.83,63.45,62.22,62.14,61.36,60.88,61.59,61.78,62.26,63.00,61.97,61.47
2021-8-20 1:9:6,62.50,62.10,62.00,62.19,61.65,61.80,61.70,61.53,61.48,60.94,61.37,62.04,61.32,61.29,61.52,61.73,62.28,62.32,62.44,63.22
2021-8-20 1:9:7,62.81,62.94,62.93,61.89,62.12,62.29,62.15,61.90,61.76,61.71,62.15,62.18,62.40,63.31,62.91,63.12,63.56,62.42,62.38,61.91
2021-8-20 1:9:8,60.98,61.40,61.22,61.30,61.78,60.97,60.41,60.93,61.20,61.58,61.71,61.56,62.22,62.03,62.11,62.34,60.75,60.79,61.32,60.72
2021-8-20 1:9:9,61.19,61.64,61.90,62.73,62.75,62.62,63.14,62.64,62.01,62.21,61.51,61.42,61.86,61.65,61.51,61.06,60.95,61.20,60.54,60.77,61.36
2021-8-20 1:9:10,61.22,61.68,61.96,61.77,62.50,62.18,61.74,61.96,60.54,60.74,60.91,60.41,60.73,61.01,61.39,61.81,61.64,61.37,62.18,61.50
2021-8-20 1:9:11,61.20,61.49,60.45,60.81,61.06,61.26,61.29,60.89,61.14,61.31,60.81,61.11,62.04,61.72,61.94,61.99,60.68,61.04,61.34,61.29,61.85
2021-8-20 1:9:12,60.84,60.66,60.77,61.41,62.71,62.83,62.95,62.99,63.40,63.55,64.51,63.35,61.86,62.49,61.14,60.98,61.05,60.06,60.15,60.13
2021-8-20 1:9:13,60.45,61.19,61.04,60.81,61.73,61.35,61.42,62.41,61.54,61.24,61.30,61.02,60.70,60.41,60.59,61.08,61.10,61.58,62.42,62.23
2021-8-20 1:9:14,61.86,61.73,60.74,61.22,61.95,62.09,62.88,61.73,61.31,61.14,60.29,60.11,60.64,61.47,61.76,62.12,62.04,62.72,62.76,62.87
2021-8-20 1:9:15,63.33,62.04,61.54,61.25,60.55,60.07,60.34,60.73,61.45,61.48,61.55,62.98,62.26,62.34,62.51,61.15,61.28,61.16,61.21,61.97,61.21
2021-8-20 1:9:16,61.67,62.21,60.98,61.32,61.56,61.46,61.83,61.74,61.51,61.61,61.56,61.57,62.09,61.44,61.36,61.56,60.74,60.45,60.37,60.67
2021-8-20 1:9:17,61.23,61.15,61.43,62.54,62.09,61.99,62.62,61.03,60.86,60.83,59.69,59.54,59.20,59.52,60.15,60.06,60.39,61.57,61.44,61.61
2021-8-20 1:9:18,61.91,60.60,60.52,60.40,60.32,60.80,60.16,60.67,61.30,60.76,61.20,61.92,61.56,61.40,61.15,60.31,60.60,60.72,60.86,61.42,60.45
2021-8-20 1:9:19,60.25,60.94,60.07,60.30,60.88,61.05,61.51,61.10,61.20,61.85,62.08,62.46,62.35,60.91,60.62,60.46,60.21,60.19,60.00,60.31
2021-8-20 1:9:20,60.79,60.74,61.00,61.96,62.06,61.88,61.55,60.64,60.44,60.59,60.40,60.66,60.12,60.56,61.39,60.49,60.57,60.59,60.51,61.13,60.69
2021-8-20 1:9:21,60.80,61.61,61.17,61.71,61.86,60.52,60.93,60.83,60.23,60.25,59.68,60.14,60.98,61.75,62.28,63.02,63.03,62.43,61.87,61.33,60.95
2021-8-20 1:9:22,60.41,61.19,61.33,60.71,61.43,61.56,60.78,60.81,61.46,61.63,62.13,62.19,61.54,61.82,61.48,61.86,62.65,61.72,61.72,61.79
2021-8-20 1:9:23,60.78,60.45,60.38,60.73,61.35,61.38,61.37,62.23,61.77,62.04,62.33,61.11,60.76,60.86,60.52,60.26,60.15,60.26,61.05,60.76
2021-8-20 1:9:24,60.99,61.99,61.75,62.41,62.49,61.49,60.70,60.22,60.31,60.38,60.81,60.90,61.54,61.29,61.27,61.82,61.66,61.96,61.70,61.28
2021-8-20 1:9:25,61.21,61.31,61.32,61.30,60.64,60.23,60.68,60.57,60.27,60.48,60.91,61.23,61.58,62.03,62.41,62.36,62.74,62.18,61.58
2021-8-20 1:9:26,62.41,62.74,63.06,64.20,63.84,63.52,63.96,64.05,64.58,65.18,65.13,65.32,65.17,65.85,66.66,65.99,66.68,66.38,66.88,67.08
2021-8-20 1:9:27,66.69,67.60,67.33,68.66,68.44,68.30,68.97,67.48,68.42,68.82,67.94,67.97,67.61,66.94,65.89,65.67,65.76,65.35,65.90,65.74
2021-8-20 1:9:28,64.26,63.02,63.07,62.55,63.28,64.04,63.40,63.64,62.68,61.99,62.97,63.36,63.97,64.43,63.28,62.83,62.30,61.75,61.64,60.98
2021-8-20 1:9:29,60.98,61.71,61.29,61.34,62.19,61.76,61.44,61.16,60.32,60.92,61.03,61.49,61.94,60.94,61.43,61.52,61.06,60.82,61.21,61.78
2021-8-20 1:9:30,62.06,62.01,61.85,62.54,62.28,62.61,63.07,61.98,61.57,61.34,60.81,60.39,60.63,61.03,61.78,61.73,61.32,62.16,61.59,61.74
2021-8-20 1:9:31,62.39,61.70,61.60,61.40,61.24,61.18,60.92,61.16,61.77,61.67,62.01,62.79,62.68,62.52,61.90,61.55,61.71,61.72,61.63,61.72,61.30
2021-8-20 1:9:32,61.17,62.13,61.61,61.70,61.94,62.01,62.82,62.24,62.27,62.95,62.38,61.91,62.08,61.04,61.27,61.88,61.73,62.02,61.27,61.46
2021-8-20 1:9:33,61.89,61.32,61.81,62.20,62.54,62.57,62.39,62.49,62.40,61.97,61.95,62.24,61.19,61.43,61.81,60.74,60.93,61.34,62.05,62.56
2021-8-20 1:9:34,62.76,62.93,63.79,63.32,62.93,63.64,61.73,61.59,61.54,60.62,60.00,60.16,60.85,61.43,61.90,61.89,62.84,62.43,62.66,62.64,61.26
2021-8-20 1:9:35,60.99,60.92,60.75,61.11,60.76,60.80,61.86,61.06,61.25,62.04,62.29,63.09,63.45,62.25,62.16,61.74,61.49,62.65,61.58,61.82
2021-8-20 1:9:36,62.56,61.49,61.31,61.33,61.65,61.93,62.34,62.49,62.98,62.74,62.46,62.93,61.30,61.44,61.66,61.04,61.13,61.05,61.14,61.89
2021-8-20 1:9:37,61.76,61.65,63.27,62.43,62.07,62.59,60.99,60.73,60.80,60.44,60.67,61.46,62.64,63.96,65.04,66.29,67.71,68.46,69.15,69.70,69.73
2021-8-20 1:9:38,70.20,70.46,70.35,70.31,70.28,70.29,70.27,70.44,70.37,70.44,70.66,70.95,70.95,71.27,71.36,71.20,71.06,71.16,71.02,70.81
2021-8-20 1:9:39,71.31,71.10,71.07,71.70,71.35,71.59,72.00,71.72,72.01,71.84,71.58,71.54,71.67,71.67,71.57,71.73,71.56,71.74,72.01,72.35
2021-8-20 1:9:40,72.21,72.15,72.17,71.34,71.10,70.48,69.86,69.74,69.58,69.41,69.24,69.33,69.27,69.12,69.37,69.25,69.30,69.47,69.29,69.37
2021-8-20 1:9:41,69.56,69.59,70.01,70.39,71.16,71.29,70.94,71.22,70.66,70.59,70.68,70.36,70.31,70.79,71.46,71.18,71.39,71.78,71.61,71.47
2021-8-20 1:9:42,71.44,70.93,71.24,71.43,70.98,70.72,69.59,69.69,69.71,69.77,70.20,70.24,70.31,70.14,69.84,70.00,69.78,69.97,70.70,70.27,70.77
2021-8-20 1:9:43,70.86,70.43,70.97,